12000
6000
12000
6000
6000
5000
3500
591
591
591
591
591
150000
40000
25000
15000
12000
20000
35000
50000
30000
90000
25000
20000
20000
80000
30000
35000
50000
120000
40000
70000
60000
110000
92000
200000
10000
20000
20000
70000
80000
61000
591
591
591
868717
7722
11583
67567
106176
77219
106176
222005
279920
318529
193048
241310
799203
7992
7992
119880
39960
69930
199801
379622
209791
139861
200000
152000
94000
230000
150000
112000
120000
60000
35000
4200
700000
250000
192000
400000
150000
123000
700000
120000
300000
180000
150000
700000
228000
150000
90000
86000
30000
26000
26000
230000
70000
73000
90000
50000
64000
120000
110000
97000
400000
120000
130000
149000
60000
40000
46000
90000
100000
100000
86000
220000
190000
167000
250000
150000
184000
550000
300000
342000
700000
400000
591000
700000
450000
507000
700000
550000
800000
400000
350000
650000
447000
600000
400000
300000
356000
700000
400000
474000
1000000
450000
400000
600000
843000
700000
450000
600000
475000
900000
400000
350000
426000
800000
450000
500000
584000
2600000
600000
600000
700000
600000
539000
900000
600000
600000
601000
1100000
600000
500000
350000
260000
1200000
900000
700000
800000
900000
267000
800000
600000
450000
440000
700000
535000
500000
450000
700000
600000
497000
800000
700000
638000
250000
250000
253000
800000
500000
19000
600000
700000
815000
500000
450000
500000
400000
500000
300000
300000
400000
280000
282000
650000
571000
900000
331000
395000
202000
2200000
900000
700000
900000
2100000
865000
1300000
700000
537000
4000000
800000
900000
600000
900000
700000
600000
314000
300000
1115000
543000
2200000
700000
466000
356000
431000
300000
250000
192000
5000
85000
18000
523866
261933
398138
240979
314320
261933
471480
314320
293365
628640
366706
314320
480000
250000
500000
800000
450000
1900000
380000
1250000
250000
280000
250000
1540769
2861429
363181
2091044
770385
1650824
1320660
2311154
990495
385192
550275
1320660
880440
495247
550275
990495
990495
660330
990495
1430715
550275
440220
1100550
5502748
1210605
990495
1100550
52000
137554
91703
51583
149017
320959
194868
194868
229257
458513
171942
149017
240719
190538
190538
123289
168122
145706
672487
280203
280203
313827
190538
280203
280203
672487
313827
61645
257787
235371
672487
190538
275119
117908
78605
412678
216165
196513
294770
393027
225990
343899
275119
245642
24564
251807
171687
194578
263253
68675
520000
280000
300000
280000
200000
320000
450000
400000
230000
280000
300000
140000
341443
318680
227629
877263
313308
187985
1024330
512165
51216
1034118
804314
459608
264275
459608
402157
402157
689412
390667
390667
413647
149373
1040187
635670
924611
1040187
346729
404517
520093
1040187
1040187
288941
260000
138692
1329889
716094
1094601
542185
542185
306897
327357
245518
204598
439886
877263
651681
572875
820868
214828
439886
900232
337587
286438
818393
96000
828623
613795
583105
685404
624025
5114957
276208
368277
347817
317127
419427
624025
583105
255748
521726
306897
429656
450116
368277
347817
276208
347817
460346
675174
358047
388737
296668
603565
542185
562645
388737
1053681
664944
634255
572875
450116
337587
204598
849083
511496
654715
501266
511496
317127
225058
265978
255748
849083
675174
214828
327357
153449
368277
296668
793532
799367
525131
466783
350088
396766
326748
175044
315079
233392
466783
291740
466783
1026924
233392
466783
315079
466783
408435
361757
221722
525131
291740
315079
1283654
373427
338418
396766
379262
700175
373427
466783
291740
408435
326748
700175
583479
350088
536801
583479
606818
443444
606818
17000
971739
431884
431884
1187681
755797
539855
539855
431884
377899
291522
1265765
125323
150388
375970
313308
3760
751940
250647
620350
313308
401035
375970
413567
150388
187985
225582
802069
132843
626616
250647
375970
4674559
313308
313308
626616
877263
563955
414820
751940
313308
1378556
1503880
1503880
526358
313308
350905
877263
626616
751940
438632
313308
877263
501293
438632
626616
751940
313308
1503880
877263
626616
1879849
626616
2005173
877263
626616
375970
125323
375970
877263
689278
438632
1002586
375970
438632
626616
438632
125323
751940
313308
501293
501293
1127910
438632
375970
438632
778932
500742
667656
500742
500742
278190
200297
6000
133531
521827
280482
189162
130457
913198
326142
521827
2739594
521827
391371
521827
391371
326142
1565482
652284
521827
652284
717513
587056
1043655
913198
587056
456599
587056
456599
521827
391371
521827
652284
1956853
521827
521827
521827
587056
652284
652284
587056
652284
587056
521827
782741
456599
587056
456599
391371
391371
192000
391371
326142
326142
652284
391371
748092
427481
748092
641221
587786
587786
748092
534351
641221
587786
427481
320611
1100000
800000
600000
250647
313308
313308
1503880
877263
1002586
1503880
100
501293
521827
521827
501293
250647
313308
375970
375970
626616
501293
501293
187985
877263
501293
375970
1174112
913198
652284
782741
1834586
550376
733835
550376
642105
733835
1467669
825564
652284
1192481
825564
1009023
1009023
825564
1492741
105736
559778
1020039
995160
373185
1990321
646854
696612
995160
597096
646854
559778
796128
495736
326142
286109
339188
659294
597096
310988
995160
497580
435383
1243951
348306
373185
310988
286109
1492741
348306
870765
746370
995160
2363506
746370
1119555
559778
746370
932963
746370
609536
1368346
746370
1119555
597096
522459
521827
391371
260914
326142
652284
391371
326142
260914
391371
391371
326142
260914
456599
391371
326142
195685
456599
326142
391371
391371
260914
326142
260914
63000
391371
456599
391371
700000
350000
550000
400000
500000
400000
80000
12000
184615
172308
153846
369231
246154
215385
123077
700000
400000
500000
600000
450000
400000
307692
500000
450000
340000
92308
80000
110769
92308
153846
172308
92308
99433
44745
246154
110769
92308
228696
178979
178979
517051
119319
159093
149149
129263
159093
149149
188922
198866
58333
108333
129263
83333
150000
190000
123077
110769
92308
104615
92308
212000
110000
90000
74000
230420
148127
822928
329171
246879
493757
411464
164586
329171
329171
246879
658343
411464
329171
230420
576050
205732
230420
493757
329171
493757
493757
329171
246879
493757
205732
288025
246879
123439
411464
246879
370318
288025
246879
123439
411464
370318
205732
246879
740636
246879
246879
205732
81758
545055
204396
204396
170330
81758
27253
81758
40879
13626
40879
102198
408791
40879
170330
170330
204396
170330
136264
136264
54505
13626
275410
157377
196721
629508
157377
94426
236066
141639
16636
314754
196721
66543
35000
550000
450000
400000
400000
400000
400000
400000
600000
400000
600000
400000
350000
600000
550000
521827
587056
652284
587056
1480769
1269231
951923
846154
2326923
846154
1269231
1269231
1375000
2009615
634615
951923
423077
423077
1480769
846154
846154
951923
1692308
846154
951923
1057692
846154
2326923
2644231
1480769
951923
280000
20000
30000
40000
60000
30000
180000
120000
1100000
400000
400000
200000
140000
2200000
200000
400000
300000
1375000
589286
491071
1178571
324447
883929
491071
491071
1178571
687500
3241071
687500
1178571
1767857
1866071
1473214
589286
491071
883929
1767857
1276786
2455357
1964286
1866071
883929
785714
491071
1964286
2173913
521739
1913043
695652
2173913
608696
521739
1565217
2173913
608696
1043478
2173913
521739
608696
347826
347826
1913043
521739
1565217
315789
315789
421053
1578947
421053
1263158
421053
421053
315789
631579
526316
947368
421053
1184211
888158
394737
592105
39474
888158
888158
39474
493421
394737
197368
118421
39474
39474
29605
19737
39474
690789
197368
789474
394737
197368
59211
59211
98684
78947
59211
59211
29605
20000
6000
6000
863014
239726
767123
383562
287671
239726
150000
50000
671233
383562
239726
239726
863014
287671
383562
575342
287671
287671
650246
162562
216749
195074
216749
433498
162562
325123
270936
379310
216749
130049
270936
650246
325123
216749
270936
216749
162562
758621
270936
216749
270936
325123
86700
216749
216749
541872
162562
130049
86700
130049
325123
86700
130049
130049
86700
43350
43350
650246
130049
270936
216749
138462
115385
115385
69231
461538
22181
221811
44362
66543
166359
33272
110906
30000
133087
29945
170000
44362
44362
66543
120000
130000
80000
153409
132955
81818
81818
12000
416667
250000
333333
278481
185654
232068
278481
278481
556962
464135
232068
371308
139241
464135
185654
278481
111392
1299578
185654
649789
835443
1021097
371308
464135
556962
464135
278481
139241
324895
278481
74262
900000
400000
600000
700000
400000
400000
900000
800000
900000
1600000
300000
120000
250000
160000
1000000
2200000
400000
560000
3219266
2442202
2220183
1776147
1554128
1776147
2664220
2442202
999083
2886239
2220183
2600000
5600000
6000000
6400000
6000000
6000000
5000000
5400000
5000000
7000000
6500000
4500000
5500000
9000000
2500000
6000000
8000000
6000000
6000000
8000000
3400000
800000
2500000
2200000
1200000
1600000
2500000
400000
2000000
900000
3200000
2000000
3200000
1300000
800000
1800000
2300000
2400000
1800000
2600000
2600000
1200000
2200000
1800000
1400000
3600000
2600000
2200000
2500000
2500000
1400000
1300000
800000
2200000
1400000
800000
1300000
2000000
1800000
2500000
2000000
2600000
2200000
2300000
2400000
490000
5500000
3600000
3400000
3200000
3600000
4200000
4400000
4000000
280000
2400000
1900000
1500000
4500000
5000000
920000
3430000
27000
1600000
700000
1200000
610000
72000
4200000
1400000
90000
300000
1686066
1190164
991803
793443
1090984
892623
892623
892623
793443
198361
595082
119016
297541
793443
277705
595082
1149897
492813
492813
410678
657084
410678
197125
492813
574949
657084
180000
180000
492813
492813
164271
140000
100000
328542
600000
246407
328542
500000
500000
1800000
1200000
500000
400000
600000
1600000
1300000
1400000
900000
400000
1100000
1100000
700000
500000
700000
299435
179661
124765
299435
279473
249529
129755
289454
246407
30000
350000
250000
200000
200000
250000
600000
200000
250000
120000
400000
150000
350000
500000
200000
500000
280000
150000
50000
46000
2600000
3000000
2600000
2700000
3400000
3800000
3200000
3400000
2000000
3300000
122834
79962
179410
142771
152350
141858
153429
600000
350000
200000
350000
180000
200000
200000
120000
500000
250000
180000
120000
350000
40000
100000
100000
380000
35000
52500
52500
61250
35000
105000
131250
140000
1720000
967500
967500
129000
64500
1182500
967500
430000
322500
129000
162223
54074
86519
64889
36864
2595573
1514084
2379276
1622233
2379276
1622233
1730382
1514084
2162978
8111167
4974849
400000
3460764
2595573
3244467
2162978
2379276
2920020
973340
1189638
1297787
757042
1081489
7570422
4866700
3785211
456000
3785211
74000
2162978
3785211
4325956
3460764
3244467
2703722
4109658
3244467
3136318
4325956
3460764
3677062
3460764
3677062
3893360
3677062
3460764
3893360
3028169
3460764
3244467
3677062
2379276
4325956
3677062
5407445
4542253
4325956
4542253
4325956
3028169
3460764
80000
757042
540744
432595
432595
3677062
3893360
4109658
4109658
2811871
3028169
3677062
3460765
2920020
4325956
3460765
3893360
3244467
3677062
3677062
3568913
1189637
648893
2595573
3460765
216298
216298
216298
3460765
87500
1946680
2595573
5407445
4758551
4325956
168000
4542254
4758551
150000
4325956
4325956
2811871
2162978
2162978
2379276
2162978
6488934
6921529
4325956
5407445
4542253
4325956
5191147
4974849
5191147
4650402
540744
270372
378521
216298
108149
108149
25000
540744
324447
216298
324447
378521
108149
324447
4325955
3244467
2703722
2811871
2162978
2162978
2379276
2595573
2379276
2054829
1838531
4325956
2595573
3893360
3677062
4325956
4758551
4325956
1217391
842809
842809
561873
561873
1498328
655518
655518
561873
655518
561873
468227
561873
842809
936455
561873
936455
842809
234114
1753229
1314922
1095768
876615
986192
986192
438307
1972383
876615
712249
821826
3177728
1424499
1314922
1424499
1534076
5000
1972383
767038
1314922
657461
1643653
1862806
1314922
1534076
657461
1314922
767038
1205345
767038
1095768
1205345
876615
986192
821826
986192
1205345
1972383
1424499
1314922
624588
197238
480769
240385
384615
288462
240385
432692
192308
240385
192308
60000
576923
480769
240385
192308
240385
20000
10000
76923
144231
115385
810200
405100
506375
455738
607650
405100
354463
354463
607650
405100
202550
60765
60765
81020
40510
40510
15191
10128
25319
20255
40510
10128
10128
62000
30383
600000
250000
250000
400000
130000
300000
207792
62338
62338
41558
155844
62338
31169
15584
15584
20779
41558
41558
15584
15584
1205338
401779
904004
904004
803559
703114
904004
60267
30133
20089
120534
40178
15067
15067
20089
30133
20089
904004
602669
803559
502224
251112
401779
251112
401779
30133
20089
20089
12000
8000
40000
50000
40000
40000
40000
30000
40000
20000
166154
110769
140000
110769
138462
166154
92308
92308
73846
92308
64615
347222
198413
148810
178571
198413
277778
277778
119048
198413
178571
198413
119048
19841
19841
187013
124675
155844
207792
83117
41558
15584
259740
83117
41558
200000
85526
200000
250000
200000
250000
200000
50000
50000
298013
278146
198675
198675
149007
119205
59603
19868
119205
39735
99338
248344
149007
129139
248344
119205
149007
119205
119205
79470
59603
100000
60000
70000
50000
730769
626374
417582
730769
626374
626374
313187
835165
730769
626374
521978
417582
521978
835165
626374
313187
120000
100000
80000
50000
50000
180000
120000
70000
140000
180000
120000
300000
350000
300000
450000
400000
600000
400000
400000
300000
180000
180000
200000
140000
140625
140625
187500
234375
187500
140625
140625
140625
187500
700000
450000
350000
450000
600000
450000
277778
185185
185185
277778
138889
138889
185185
250000
200000
111111
250000
300000
250000
250000
200000
200000
563536
751381
845304
657459
657459
563536
563536
469613
469613
375691
657459
563536
563536
469613
85526
375691
845304
563536
469613
657459
563536
563536
1314917
563536
845304
845304
563536
128289
375691
281768
102632
60000
22000
213816
128289
128289
256579
213816
213816
171053
171053
213816
200000
102632
128289
180000
150000
150000
120000
102632
140000
100000
100000
85526
100000
150000
50000
150000
68421
770000
440000
880000
660000
770000
550000
550000
550000
660000
660000
660000
550000
660000
660000
880000
550000
550000
300000
150000
350000
350000
350000
200000
500000
400000
150000
250000
450000
350000
350000
162000
135000
99000
108000
99000
99000
135000
600000
600000
500000
500000
700000
600000
150000
150000
500000
700000
288462
150000
150000
200000
240385
1442308
1346154
384615
336538
240385
240385
240385
240385
336538
480769
576923
336538
288462
288462
192308
263456
158074
219547
158074
158074
193201
131728
131728
175637
158074
245892
219547
175637
2054829
158074
245892
175637
350000
400000
144231
115385
115385
144231
76923
96154
40000
30000
20000
20000
39024
19512
29268
29268
29268
14634
14634
9756
14634
449435
59925
187265
134831
149812
112359
89887
187265
112359
262171
187265
299624
224718
299624
187265
149812
112359
299624
262171
449435
187265
149812
187265
187265
374529
224718
262171
89887
700000
500000
200000
250000
400000
250000
350000
350000
100000
12000
370000
173000
23000
500
3500
400
3300
260
20
242000
169000
444000
171859
20219
32350
45492
50547
151640
111203
80875
65711
368992
101094
80875
80875
89973
141531
123334
293172
195111
101094
161750
164783
483228
633857
121312
172870
606562
202187
335631
189045
808749
1092822
232515
77842
606562
395276
1021046
246668
1000827
653065
1113041
606562
444812
303281
297215
252734
190056
343718
86941
9098
900000
600000
300000
190000
40000
640000
500000
200000
180000
110000
60000
230000
150000
170000
50000
220000
70000
70000
170000
110000
70000
64889
30000
900000
450000
400000
470000
1200000
420000
800000
280000
831000
5000
56000
6000
3244467
1118000
27000
32000
12000
5000
27000
185000
172000
190000
49000
34000
67000
33000
9000
5000
330000
20000
200000
74000
40000
26000
70000
1000
12000
9000
420000
300000
400000
400000
330000
800000
120000
300000
280000
600000
400000
120000
400000
60000
60000
70000
40000
450000
200000
180000
200000
180000
90000
260000
170000
170000
250000
150000
130000
50000
60000
60000
430108
430108
129032
236559
86022
86022
2151
81633
51020
40816
30612
408163
255102
357143
285714
81633
612245
255102
204082
306122
326531
40816
30612
459184
357143
285714
108835
455074
119718
43534
43534
448819
398950
199475
229396
249344
99738
149606
39895
24934
24934
19948
14961
76184
195903
979513
304738
130602
304738
195903
217670
163252
326504
130602
27209
21767
8707
1088
20000
20000
250000
120000
100000
100000
90000
400000
250000
230000
220000
1570827
147265
127630
196353
107994
88359
127630
68724
176718
107994
117812
107994
166900
147265
117812
343619
58906
49088
29453
29453
127630
78541
39271
39271
39271
323983
107994
49088
265077
68724
58906
392707
147265
166900
78541
117812
98177
88359
49088
117812
49088
225806
88359
29453
24544
24544
19635
19635
19635
14727
9818
9818
4909
18203
182029
36406
36406
36406
800
18203
36406
42000
273044
118319
91015
72812
18203
27304
54609
36406
100116
54609
36406
163826
100116
100116
309450
236638
227537
409566
655306
637103
263943
364059
910147
546088
664407
327653
1092177
637103
455074
364059
546088
819132
819132
455074
546088
819132
819132
1729280
364059
309450
1274206
455074
546088
273044
140000
273044
364059
227537
136522
118319
100116
227537
154725
546088
409566
318552
273044
273044
806578
161316
107544
134430
80658
134430
98582
71696
672148
98582
134430
98582
98582
80658
170278
224049
71696
53772
116506
80658
35848
35848
35848
224049
53772
44810
53772
13443
13443
161316
53772
44810
62734
17924
13443
13443
22405
8962
7170
7170
900
250000
80000
90000
180000
130000
60000
170000
60000
12000
4000
8000
5000
3000
15000
2000
20
20
20
26000
150000
100000
120000
120000
9101
456599
150000
60000
5000
80000
521827
50000
23000
3000
5000
33000
7000
8000
500
1000
4000
54609
18203
3500
200
4000
117812
709000
356000
284536
89887
904004
626616
501293
1405935
240385
250000
1720000
230000
248790
189169
90000
419427
40000
164271
92308
20000
798493
27387
61538
30612
14000
400000
131728
130457
80000
521827
10390
133087
13334
15871
8744
9082
3000
9990
9990
19305
591
591
24000
591
4000
54609
3585
7170
3585
17924
3585
44907
54074
75704
19841
25753
35922
32550
23058
10673
22413
25556
28851
30148
16366
24786
17297
17794
20
100000
27000
5994
5994
7722
16000
12000
6000
2000
27846
24640
57692
3000
17620
26858
25538
27055
36652
29060
23093
30130
37617
29035
14163
31328
22829
31050
26168
13118
14413
14981
27470
29408
21871
12048
12715
21204
11245
10859
23247
10841
8392
13830
14251
22684
29408
16040
23189
27973
15359
15913
25425
38258
30706
75704
64889
13204
27789
28320
36725
16302
25403
33268
16533
21223
22463
24806
32910
24408
23436
28238
27655
27632
32084
28953
18651
25230
21765
37503
20
