0 0 3 0 0 0 0 0 0 0 0
0 0 0 0 0 0 0 0 0 0 0
0 0 0 0 0 0 0 0 0 0 0
0 0 0 0 0 0 0 0 0 0 0
0 0 0 0 0 0 0 0 0 0 0
0 0 0 0 0 0 0 0 0 0 0
0 0 0 0 0 0 0 0 0 0 0
0 0 0 0 0 0 0 0 0 0 0
0 0 1 0 0 0 0 0 0 0 0
0 0 0 0 0 0 0 0 0 0 0
0 0 0 0 0 0 0 0 0 0 0
0 0 0 0 0 0 0 0 0 0 0
0 0 61 0 0 0 0 0 0 2 0
2 0 37 0 0 0 0 0 0 1 0
0 0 23 0 0 0 0 0 0 1 0
0 0 2 0 0 0 0 0 0 0 0
0 0 0 0 0 0 0 0 0 0 0
0 0 3 0 0 0 0 0 0 0 0
0 0 20 0 0 0 0 0 0 1 0
0 0 5 0 0 0 0 0 0 1 0
0 0 4 0 0 0 0 0 0 1 0
0 0 6 0 0 0 0 0 0 18 0
0 0 3 0 0 0 0 0 0 0 0
0 0 3 0 0 0 0 0 0 1 0
0 0 3 0 0 0 0 0 0 1 0
0 0 6 0 0 0 0 0 0 20 0
0 0 4 0 0 0 0 0 0 1 0
2 0 4 0 0 0 0 0 0 1 0
2 0 5 0 0 0 0 0 0 15 0
0 0 7 0 0 0 0 0 0 37 0
0 0 0 0 0 0 0 0 0 0 0
0 0 5 0 0 0 0 0 0 19 0
0 0 5 0 0 0 0 0 0 1 0
0 0 7 0 0 0 0 0 0 32 0
0 0 6 0 0 0 0 0 0 15 0
0 0 9 0 0 0 0 0 0 35 0
0 0 1 0 0 0 0 0 0 0 0
0 0 0 0 0 0 0 0 0 0 0
0 0 3 0 0 0 0 0 0 0 0
0 0 5 0 0 0 0 0 0 18 0
0 0 6 0 0 0 0 0 0 26 0
0 0 5 0 0 0 0 0 0 1 0
0 0 0 0 0 0 0 0 0 0 0
0 0 0 0 0 0 0 0 0 0 0
0 0 0 0 0 0 0 0 0 0 0
0 0 15 0 0 0 0 0 0 30 2
0 0 2 0 0 0 0 0 0 1 0
0 0 2 0 0 0 0 0 0 1 0
0 0 5 0 0 0 0 0 0 1 0
0 0 25 0 0 0 0 0 0 2 0
0 0 6 0 0 7 0 0 0 1 0
0 0 20 0 0 0 12 0 0 11 1
0 0 7 0 0 0 0 0 0 15 1
0 0 8 0 0 0 0 0 0 17 1
0 0 9 0 0 0 0 0 0 18 1
0 0 9 0 0 0 0 0 0 14 1
0 0 26 0 0 0 0 0 0 16 1
0 0 18 0 0 0 0 0 0 29 2
0 0 1 0 0 0 0 0 0 0 0
0 0 2 0 0 0 0 0 0 1 0
0 0 23 0 0 0 0 0 0 2 0
0 0 4 0 0 0 0 0 0 1 0
0 0 5 0 0 0 0 0 0 9 0
0 0 28 0 0 0 0 0 0 15 0
0 0 13 0 0 0 0 0 0 20 0
0 0 20 0 0 0 0 0 0 15 1
0 0 8 0 0 0 0 0 0 12 0
0 0 22 0 0 0 0 0 0 15 1
0 0 19 0 0 0 0 0 0 13 0
0 0 6 0 0 0 0 0 0 10 1
0 0 18 0 0 0 0 0 0 16 1
0 0 8 0 0 0 0 0 0 13 1
4 0 7 0 0 0 0 0 0 11 1
0 0 7 0 0 7 0 0 0 11 0
0 0 5 0 0 10 0 0 0 1 0
0 0 4 0 0 0 0 0 0 1 0
0 0 1 0 0 0 0 0 0 2 1
0 0 100 0 0 0 0 0 0 32 3
0 0 39 0 0 0 0 0 0 22 0
0 0 11 0 0 0 0 0 0 39 0
0 0 78 0 0 0 0 0 0 24 2
0 0 29 0 0 0 0 0 0 15 1
0 0 31 0 0 0 0 0 0 13 1
0 0 26 0 0 0 0 0 0 32 37
0 0 40 0 0 0 0 0 0 13 1
0 8 10 0 0 0 0 0 0 21 56
0 31 8 0 0 0 0 0 0 16 41
0 6 7 0 0 0 0 0 0 15 27
0 100 16 0 0 0 0 0 0 32 100
0 0 9 0 0 0 0 0 0 18 47
0 0 7 0 0 0 0 0 0 15 1
0 0 29 0 0 0 0 0 0 11 1
0 0 5 0 0 0 0 0 0 11 1
0 0 3 0 0 0 7 0 0 7 1
0 0 1 0 0 0 20 0 0 1 0
0 0 1 0 0 0 0 0 0 1 0
6 0 9 0 0 0 47 0 0 26 1
0 0 1 0 0 0 0 0 0 2 1
0 0 1 0 0 0 4 0 0 2 1
0 0 6 0 0 0 27 0 0 11 5
0 0 1 0 0 0 0 0 0 2 0
0 0 5 0 0 0 60 0 0 10 4
0 0 6 0 0 0 7 0 0 13 1
0 0 6 0 0 0 0 0 0 13 5
0 0 6 0 0 0 17 0 0 12 5
5 0 12 0 0 0 5 0 0 24 2
0 0 6 0 0 3 0 0 0 13 1
0 0 7 0 0 0 3 0 0 14 1
9 0 7 0 0 0 0 0 0 15 1
0 0 5 0 0 0 0 0 0 9 1
0 0 4 0 0 0 0 0 0 8 1
6 0 4 0 0 0 0 0 0 8 1
0 0 7 0 0 0 100 0 0 11 1
0 0 24 0 0 0 13 0 0 12 0
0 0 8 0 0 0 10 0 0 12 0
3 0 7 0 0 0 0 0 0 11 1
3 0 11 0 0 0 0 0 0 52 1
0 0 10 0 0 0 0 0 0 32 0
0 0 10 0 0 0 0 0 0 37 1
0 0 12 0 0 0 0 0 0 49 2
0 0 9 0 0 0 0 0 0 31 1
0 0 8 0 0 0 0 0 0 16 1
0 0 14 0 0 0 0 0 0 69 2
0 0 10 0 0 0 0 0 0 40 2
0 0 11 0 0 0 0 0 0 52 2
0 2 16 0 0 0 0 0 0 80 3
0 0 12 0 0 0 0 0 0 58 2
0 4 14 0 0 0 0 0 0 84 2
0 19 16 0 28 0 0 0 0 32 3
0 21 13 0 0 0 0 0 0 26 2
0 65 13 0 17 0 0 0 0 27 11
0 15 16 0 22 0 0 0 0 32 13
0 0 14 0 67 0 0 0 0 28 11
0 5 17 0 100 0 0 0 0 34 14
0 2 12 0 33 0 0 0 0 24 2
0 0 11 0 0 0 0 0 0 23 9
0 0 15 0 44 0 0 0 0 31 12
0 0 3 0 17 0 0 0 0 26 10
0 0 14 0 11 0 0 0 0 30 12
0 4 28 0 22 0 0 0 0 24 10
0 0 32 0 0 0 0 0 0 21 8
0 12 35 0 28 0 0 0 0 23 9
0 0 16 0 44 0 0 63 0 32 13
0 0 12 0 11 0 0 20 0 24 10
0 0 13 0 22 0 0 0 0 26 2
0 0 19 0 0 0 0 0 0 38 3
3 0 13 0 0 0 0 0 0 26 2
0 0 12 0 0 0 0 0 0 24 2
0 0 14 0 0 0 0 0 0 51 2
0 0 17 0 0 0 0 0 0 65 3
5 0 16 0 0 0 0 0 0 80 3
0 0 13 0 0 0 0 0 0 60 2
0 0 14 0 0 0 0 0 0 64 2
0 0 13 0 0 0 0 0 0 54 2
0 0 39 0 0 0 0 0 0 70 3
0 0 12 0 0 0 0 0 0 54 2
0 0 19 0 0 0 0 0 0 47 2
0 0 56 0 0 100 0 0 0 25 0
0 0 17 0 0 0 0 0 0 34 3
0 0 49 0 0 0 0 0 0 26 2
0 0 44 0 0 0 0 0 0 27 2
0 0 14 0 0 0 0 0 0 51 2
0 0 30 0 0 0 0 0 0 78 5
0 0 14 0 0 0 0 0 0 54 2
0 0 14 0 0 0 0 0 0 64 2
9 0 16 0 0 0 0 0 0 70 3
14 6 14 0 0 0 0 0 0 70 2
22 25 14 0 0 0 0 0 0 28 2
0 0 18 0 0 0 0 0 0 63 3
10 0 14 0 0 0 0 0 0 30 2
0 0 14 0 0 0 0 0 0 30 2
3 0 14 0 0 0 0 0 0 51 2
0 0 20 0 0 0 0 0 0 40 3
0 0 28 0 0 0 0 0 0 30 2
0 0 33 0 0 0 0 0 0 27 2
0 0 38 0 0 0 0 0 0 23 19
0 0 42 0 0 27 30 0 0 19 2
0 0 20 0 0 0 0 0 0 42 3
19 0 18 0 0 0 0 0 0 58 3
0 0 16 0 0 0 0 0 0 32 3
0 0 17 0 0 0 0 0 0 53 3
0 0 18 0 0 0 0 0 0 36 3
15 0 10 0 0 0 0 0 0 20 2
17 0 17 0 0 0 0 0 0 34 3
0 0 14 0 0 0 0 0 0 30 2
13 0 13 0 0 0 0 0 0 26 2
0 0 12 0 9 0 0 0 0 25 2
0 0 16 0 13 0 0 0 0 32 3
0 0 14 0 50 0 0 0 0 28 2
11 0 13 0 0 0 0 0 0 27 2
8 0 13 0 0 0 0 0 0 26 10
0 0 16 0 61 0 0 0 0 32 13
0 0 14 0 78 0 0 0 0 30 12
0 0 34 0 0 0 0 0 0 27 11
6 0 17 0 56 10 0 0 0 34 14
17 0 16 0 39 20 0 3 0 32 13
0 0 39 0 17 0 0 0 0 30 12
0 0 9 0 9 0 0 0 0 19 25
0 0 28 0 0 0 0 0 0 19 43
0 0 2 0 0 0 0 0 0 19 56
0 0 17 0 56 0 0 10 0 34 14
0 0 13 0 39 0 0 4 0 27 11
0 0 2 0 0 0 0 0 0 4 2
0 0 30 0 22 0 0 0 0 30 12
0 0 16 0 17 0 0 0 0 32 13
0 0 17 0 39 0 0 0 0 34 14
0 0 13 0 22 0 0 0 0 27 2
0 0 13 0 17 0 0 0 0 26 15
0 0 13 0 33 0 0 0 0 27 2
0 0 25 0 0 0 0 0 0 24 10
0 0 13 0 0 0 0 0 0 27 2
0 0 10 0 0 0 0 0 0 21 2
0 0 10 0 0 0 0 0 0 21 2
0 0 12 0 0 0 0 0 0 24 2
6 0 10 0 0 0 0 0 0 20 2
10 0 10 0 0 0 0 0 0 20 15
41 12 15 0 0 0 0 0 0 31 2
23 6 14 0 0 0 0 0 0 29 2
0 0 18 0 0 0 0 0 0 36 3
0 0 11 0 0 0 0 0 0 22 2
0 0 12 0 0 0 0 0 0 24 2
0 0 8 0 0 0 0 0 0 17 1
0 0 28 0 0 0 0 0 0 57 5
51 0 18 0 0 7 0 0 0 36 3
8 3 16 0 0 0 0 0 0 32 3
13 0 18 0 0 0 0 0 0 36 3
100 8 27 0 0 0 0 0 0 55 4
0 4 17 0 0 0 0 0 0 36 3
0 0 21 0 0 0 0 0 0 44 3
0 0 16 0 0 0 0 0 0 32 3
0 0 14 0 0 0 0 0 0 28 2
0 0 37 0 0 0 0 0 0 76 6
0 0 17 0 0 0 0 0 0 34 3
0 0 18 0 0 0 0 0 0 36 3
0 0 14 0 0 0 0 0 0 30 2
0 0 18 0 0 0 0 0 0 36 20
0 0 16 0 0 0 0 0 0 32 24
0 0 14 0 0 0 0 0 0 30 2
0 0 13 0 0 0 0 0 0 21 2
0 0 10 0 0 0 0 0 0 21 2
0 0 20 0 0 0 0 0 0 40 3
0 0 14 0 0 0 0 0 0 28 2
0 0 28 0 0 0 0 0 0 57 5
0 0 16 0 0 0 0 0 0 32 3
0 0 13 0 0 0 0 0 0 26 2
0 0 22 0 0 0 0 0 0 23 2
0 0 23 0 0 0 0 0 0 25 2
0 0 26 0 0 0 0 0 0 21 2
0 0 39 0 0 0 0 0 0 19 2
0 0 29 0 0 0 0 0 0 17 1
0 0 0 0 0 0 0 0 0 0 0
0 0 0 0 0 0 0 0 0 0 0
0 0 3 0 0 0 0 0 0 1 0
0 0 14 0 0 0 0 0 0 22 2
0 0 10 0 0 0 0 0 0 16 1
0 0 12 0 0 0 0 0 0 19 2
0 0 9 0 0 0 0 0 0 15 1
0 0 8 0 0 0 0 0 0 17 1
0 0 8 0 0 0 0 0 0 16 1
0 0 10 0 0 0 0 0 0 21 2
0 0 8 0 0 0 0 0 0 17 1
0 0 8 0 0 0 0 0 0 17 1
0 0 12 0 0 0 0 0 0 24 2
0 0 9 0 0 0 0 0 0 18 1
0 0 8 0 0 0 0 0 0 17 1
0 0 4 0 0 0 0 0 0 16 4
0 0 10 0 0 0 0 0 0 15 0
0 0 14 0 0 0 0 0 0 22 0
3 0 17 0 0 0 0 0 0 27 2
5 0 13 0 0 0 0 0 0 20 2
17 0 26 0 0 3 0 0 0 42 3
3 0 12 0 0 0 0 0 0 19 2
33 0 17 0 0 0 0 0 0 34 3
6 0 7 0 0 0 0 0 0 15 1
0 0 3 0 0 0 0 0 0 12 3
0 0 7 0 0 0 0 0 0 15 1
6 0 19 0 0 0 0 0 0 38 3
14 0 25 0 0 0 0 0 0 52 4
5 0 4 0 0 10 0 0 0 14 3
32 0 28 0 0 20 0 0 0 44 4
0 0 17 0 0 13 0 0 0 27 2
14 0 19 0 0 0 0 0 0 39 3
17 0 17 0 0 3 0 0 0 35 3
10 0 23 0 0 0 0 0 0 46 4
5 0 15 0 0 0 0 0 0 30 2
3 0 4 0 0 0 0 0 0 14 3
0 0 5 0 0 0 0 0 0 17 4
13 0 7 0 0 0 0 0 0 26 6
5 0 14 0 0 7 0 0 0 29 2
0 0 11 0 0 10 0 0 0 32 2
0 0 5 0 0 0 0 0 0 28 4
0 0 15 0 0 0 0 0 0 41 2
0 0 15 0 0 0 0 0 0 39 2
0 0 12 0 0 0 0 0 0 25 2
0 0 15 0 0 0 0 0 0 30 2
3 0 18 0 0 0 0 0 0 37 3
0 0 11 0 0 0 0 0 0 23 2
0 0 10 0 0 0 0 0 0 20 2
0 0 16 0 0 0 0 0 0 32 3
0 0 35 0 0 0 0 0 0 72 6
0 0 16 0 0 0 0 0 0 42 3
0 0 15 0 0 0 0 0 0 30 2
0 0 16 0 0 0 0 0 0 32 3
0 0 1 0 0 0 0 0 0 5 1
0 0 24 0 0 0 4 0 0 0 0
0 0 0 0 0 0 0 0 0 0 0
0 0 0 0 0 0 0 0 0 0 0
0 0 6 0 0 0 0 0 0 1 0
0 0 19 0 0 0 0 0 0 2 0
0 0 7 0 0 0 0 0 0 2 0
0 0 18 0 0 0 0 0 8 2 0
0 0 18 0 0 0 0 0 2 2 0
0 0 24 0 0 0 0 0 0 3 0
0 0 17 0 0 0 0 0 0 2 0
0 0 6 0 0 0 0 0 0 1 0
0 0 8 0 0 0 0 0 0 2 0
0 0 35 0 0 3 0 0 0 2 0
0 0 48 0 0 0 0 0 0 2 0
0 0 28 0 0 0 0 0 0 2 0
0 0 29 0 0 0 0 0 0 0 0
0 0 19 0 0 17 0 0 0 0 0
0 0 16 0 0 0 0 0 0 4 0
0 0 23 0 0 10 3 0 0 2 0
0 0 10 0 0 0 0 0 0 2 0
0 0 11 0 0 0 0 0 0 3 0
0 0 8 0 0 0 0 0 0 2 0
0 0 18 0 0 0 0 0 0 2 0
0 0 23 0 0 0 0 0 0 2 0
0 0 16 0 0 0 0 0 0 4 0
0 0 11 0 0 0 0 0 0 3 0
0 0 5 0 0 0 0 0 0 8 0
0 0 10 0 0 0 0 0 0 16 0
0 0 9 0 0 0 0 0 0 15 0
0 0 16 0 0 0 0 0 0 25 2
0 0 8 0 0 0 0 0 0 13 1
0 0 28 0 0 0 0 0 0 0 0
0 0 22 0 0 0 0 0 0 0 0
0 0 0 0 0 0 0 0 0 0 0
0 0 25 0 0 0 0 0 0 3 0
0 0 8 0 0 0 0 0 0 2 0
0 0 21 0 0 0 0 0 0 2 0
0 0 26 0 0 0 0 0 0 2 0
0 0 11 0 0 0 0 0 0 3 0
0 0 9 0 0 0 0 0 0 2 0
0 0 11 0 0 0 0 0 0 3 0
0 0 9 0 0 0 0 0 0 2 0
0 0 20 0 0 0 0 0 0 2 0
0 0 3 0 0 0 0 0 0 4 1
0 0 9 0 0 0 0 0 0 2 0
0 0 7 0 0 0 0 0 0 2 0
0 0 8 0 0 0 0 0 0 2 0
0 0 9 0 0 0 0 0 0 2 0
0 0 5 0 0 0 0 0 0 1 0
0 0 13 0 0 0 0 0 0 21 0
0 0 10 0 0 0 0 0 0 15 0
0 0 10 0 0 0 0 0 0 16 1
0 0 10 0 0 0 0 0 0 15 0
0 0 8 0 0 0 0 0 0 13 0
0 0 10 0 0 0 0 0 0 16 0
0 0 12 0 0 0 0 0 0 19 2
0 0 11 0 0 0 0 0 0 18 1
0 0 9 0 0 0 0 0 0 14 1
0 0 10 0 0 0 0 0 0 15 1
0 0 10 0 0 0 0 0 0 16 1
0 0 7 0 0 0 0 0 0 11 1
0 0 14 0 0 0 0 0 0 22 2
0 0 14 0 0 0 0 0 0 22 0
0 0 11 0 0 0 0 0 0 18 1
0 0 21 0 0 0 0 0 0 34 3
0 0 13 0 0 0 0 0 0 20 2
0 0 10 0 0 0 0 0 0 16 1
0 0 24 0 0 0 0 0 0 39 3
0 0 17 0 0 0 0 0 0 27 2
0 0 5 0 0 0 0 0 0 9 0
0 0 17 0 0 0 0 0 0 35 3
0 0 15 0 0 0 0 0 0 31 2
0 0 11 0 0 0 0 0 0 23 2
0 0 9 0 0 0 0 0 0 18 1
0 0 11 0 0 0 0 0 0 23 2
0 0 11 0 0 0 0 0 0 22 2
1 0 5 0 0 0 0 0 0 12 5
0 0 14 0 0 0 0 0 0 29 2
0 0 10 0 0 0 0 0 0 21 2
0 0 4 0 0 0 0 0 0 12 5
0 0 11 0 0 0 0 0 0 22 2
0 0 6 0 0 0 0 0 0 13 1
0 0 17 0 0 0 0 0 0 35 3
0 0 6 0 0 0 0 0 0 15 6
0 0 16 0 0 0 0 0 0 33 3
0 0 17 0 0 0 0 0 0 35 3
0 0 10 0 0 0 0 0 0 20 2
2 0 11 0 0 0 0 0 0 22 2
2 0 12 0 0 0 0 0 0 25 2
6 0 17 0 0 0 0 0 0 35 3
5 0 17 0 0 0 0 0 0 35 3
0 0 4 0 0 0 0 0 0 10 4
0 0 6 0 0 23 0 0 0 12 1
0 0 6 0 0 0 0 0 0 13 1
13 0 18 0 0 0 0 0 0 37 3
0 0 13 0 0 0 0 0 0 27 2
6 0 17 0 0 0 0 0 0 34 3
0 0 12 0 0 0 0 0 0 40 2
0 0 12 0 0 0 0 0 0 24 2
2 0 9 0 0 0 0 0 0 18 1
0 0 4 0 0 0 0 0 0 14 3
0 0 3 0 0 0 0 0 0 26 3
0 0 7 0 0 0 0 0 0 15 1
0 0 5 0 0 0 0 0 0 16 4
0 0 17 0 0 0 0 0 0 34 3
0 0 14 0 0 0 0 0 0 29 2
0 0 12 0 0 20 0 0 0 25 2
0 0 16 0 0 67 0 0 0 33 3
0 0 3 0 0 47 0 0 0 11 3
0 0 11 0 0 0 0 0 0 22 2
0 0 15 0 0 0 0 0 0 31 2
0 0 4 0 0 0 0 0 0 14 3
0 0 8 0 0 7 0 0 0 17 1
0 0 14 0 0 10 0 0 0 29 2
0 0 5 0 0 0 0 0 0 9 1
0 0 6 0 0 0 0 0 0 22 5
0 0 12 0 0 0 0 0 0 25 2
0 0 5 0 0 0 0 0 0 19 4
0 0 13 0 0 0 0 0 0 27 2
0 0 5 0 0 3 0 0 0 19 5
0 0 36 0 0 0 0 0 0 87 6
0 0 8 0 0 0 0 0 0 36 1
0 0 10 0 0 0 0 0 0 20 2
0 0 9 0 0 0 0 0 0 30 2
0 0 9 0 0 0 0 0 0 18 1
0 0 10 0 0 0 0 0 0 21 2
0 0 13 0 0 0 0 0 0 26 2
0 0 5 0 0 0 0 0 0 19 4
0 0 3 0 0 0 0 0 0 12 3
0 0 11 0 0 0 0 0 0 23 2
0 0 4 0 0 0 0 0 0 13 3
0 0 4 0 0 0 0 0 0 27 4
0 0 11 0 0 0 0 0 0 22 2
0 0 4 0 0 0 0 0 0 34 4
0 0 9 0 0 0 0 0 0 35 2
0 0 8 0 0 0 0 0 0 17 1
0 0 9 0 0 0 0 0 0 19 2
0 0 11 0 0 0 0 0 0 22 2
0 0 13 0 0 0 0 0 0 27 2
0 0 9 0 0 0 0 0 0 19 8
0 0 10 0 0 0 0 0 0 20 2
0 0 9 0 0 0 0 0 0 18 1
0 0 12 0 0 0 0 0 0 25 10
0 0 12 0 0 0 0 0 0 24 10
0 0 12 0 0 0 0 0 0 24 10
0 0 10 0 0 0 0 0 0 20 8
0 0 16 0 0 0 0 0 0 33 3
5 0 13 0 0 0 0 0 0 26 11
0 0 13 0 0 0 0 0 0 26 10
0 0 12 0 0 0 0 0 0 25 10
0 0 5 0 0 0 0 0 0 33 4
0 0 4 0 0 0 0 0 0 14 3
0 0 3 0 0 0 0 0 0 11 3
0 0 15 0 0 0 0 0 0 44 34
0 0 5 0 0 0 0 0 0 17 4
0 0 5 0 0 0 0 0 0 20 5
0 0 11 0 0 0 0 0 0 23 35
0 0 5 0 0 0 0 0 0 17 4
0 0 4 0 0 0 0 0 0 14 3
0 0 3 0 0 0 0 0 0 12 29
0 0 4 0 0 0 0 0 0 13 3
0 0 8 0 0 0 0 0 0 16 7
0 0 15 0 0 0 0 0 0 30 47
0 0 13 0 0 0 0 13 0 27 37
0 0 7 0 0 0 0 27 0 15 6
0 0 9 0 0 0 0 100 0 19 29
0 0 3 0 0 0 0 60 0 10 20
0 0 10 0 0 0 0 7 0 20 34
0 0 9 0 0 0 0 0 0 18 20
0 0 13 0 0 0 0 0 0 27 11
2 0 13 0 0 0 0 0 0 27 11
0 0 11 0 0 0 0 0 0 22 9
1 0 10 0 0 0 0 0 0 21 8
0 0 9 0 0 10 0 0 0 18 7
0 0 9 0 0 0 0 0 0 30 8
0 0 9 0 0 0 0 0 0 31 7
0 0 6 0 0 0 0 0 0 13 5
0 0 8 0 0 0 0 0 0 28 7
0 0 7 0 0 0 0 0 0 15 6
0 0 10 0 0 0 0 0 0 32 8
0 0 8 0 0 0 0 0 0 16 7
0 0 10 0 0 0 0 0 0 21 8
0 0 15 0 0 0 0 0 0 31 12
0 0 7 0 0 0 0 0 0 15 6
0 0 10 0 0 0 0 0 0 21 8
0 0 8 0 0 0 0 0 0 17 7
1 0 3 0 0 0 0 0 0 21 8
0 0 10 0 0 23 0 0 0 20 8
0 0 9 0 0 0 0 0 0 18 7
0 0 7 0 0 0 0 0 0 14 6
0 0 11 0 0 0 0 0 0 22 9
0 0 8 0 0 0 0 0 0 16 7
0 0 8 0 0 0 0 0 0 17 7
0 0 17 0 0 0 0 0 0 35 36
0 0 9 0 0 0 0 0 0 19 7
0 0 9 0 0 0 0 0 0 18 7
0 0 9 0 0 0 0 0 0 19 29
0 0 9 0 0 0 0 0 0 19 29
0 0 3 0 0 0 0 0 0 26 97
0 0 9 0 0 0 0 0 0 19 62
0 0 3 0 0 0 0 0 0 21 56
0 0 2 0 0 0 0 0 0 16 7
0 0 2 0 0 0 0 0 0 20 51
0 0 2 0 0 0 0 0 0 17 7
0 0 12 0 0 0 4 0 0 36 45
0 0 3 0 0 0 0 0 0 34 35
0 0 2 0 0 0 27 0 0 18 25
0 0 3 0 0 0 0 0 0 22 26
0 0 3 0 0 0 0 0 0 23 31
0 0 3 0 0 0 0 0 0 24 49
0 0 3 0 0 0 0 0 0 20 39
0 0 3 0 0 0 0 0 0 24 31
0 0 1 0 0 0 0 0 0 3 1
0 0 13 0 0 0 0 0 0 26 28
0 0 9 0 0 0 0 0 0 18 7
0 0 9 0 0 0 0 0 0 18 7
0 0 4 0 0 0 0 0 0 29 33
0 0 11 0 0 0 0 0 0 23 9
0 0 2 0 0 0 0 0 0 20 8
0 0 2 0 0 0 0 0 0 20 25
0 0 2 0 0 0 0 0 0 18 20
0 0 2 0 0 0 0 0 0 16 7
0 0 3 0 0 0 0 0 0 8 33
0 0 20 0 0 0 0 0 0 41 3
0 0 6 0 0 0 0 0 0 13 1
0 0 9 0 0 0 0 0 0 14 1
0 0 11 0 0 0 0 0 0 22 2
0 0 10 0 0 0 0 0 0 20 2
0 0 1 0 0 0 0 0 0 2 1
0 1 15 0 0 0 0 0 0 42 3
0 0 9 0 0 0 0 0 0 18 1
0 1 14 0 0 17 0 0 0 29 2
0 0 10 0 0 0 0 0 0 20 2
0 0 11 0 0 7 0 0 0 23 2
0 0 11 0 0 0 0 0 0 22 2
0 0 11 0 0 0 0 0 0 23 2
0 0 7 0 0 0 0 0 0 14 1
0 0 8 0 0 0 0 0 0 16 1
0 0 8 0 0 0 0 0 0 17 1
0 0 16 0 0 0 0 0 0 32 3
0 0 6 0 0 0 0 0 0 13 1
0 0 14 0 0 0 0 0 0 40 2
0 0 9 0 0 0 0 0 0 18 1
0 0 14 0 0 0 0 0 0 22 2
0 0 38 0 0 0 0 0 0 78 6
0 0 10 0 0 0 0 0 0 20 2
0 0 10 0 0 0 0 0 0 20 2
9 0 14 0 0 0 0 0 0 29 2
5 0 17 0 0 0 0 0 0 50 3
0 0 13 0 0 0 0 0 0 27 2
6 0 11 0 0 0 0 0 0 23 2
15 0 15 0 0 0 17 0 0 45 3
0 0 10 0 0 0 0 0 0 20 2
0 0 21 0 0 0 0 0 0 43 3
11 0 22 0 0 0 0 0 0 44 4
5 0 22 0 0 0 0 0 0 44 4
0 0 13 0 0 0 0 0 0 26 2
0 0 10 0 0 0 0 0 0 20 2
0 0 10 0 0 0 0 0 0 21 2
0 0 17 0 0 0 0 0 0 34 3
0 0 14 0 0 0 0 0 0 29 2
0 0 15 0 0 0 0 0 0 31 3
0 0 12 0 0 0 0 0 0 24 2
0 0 15 0 0 0 0 0 0 20 2
0 0 17 0 0 0 0 0 5 34 3
0 0 13 0 0 0 0 0 0 26 2
0 0 12 0 0 0 0 0 0 24 2
0 0 14 0 0 0 0 0 0 29 2
10 0 15 0 0 0 0 0 0 31 3
0 0 10 0 0 0 0 0 0 20 2
9 0 22 0 0 0 0 0 0 44 4
7 0 17 0 0 0 0 0 0 34 3
0 0 14 0 0 0 0 0 0 29 2
17 0 24 0 0 0 0 0 0 50 4
0 0 14 0 0 0 0 0 0 29 2
65 0 25 0 0 0 0 0 0 51 4
0 0 17 0 0 0 0 0 0 34 3
0 0 14 0 0 0 0 0 0 29 2
2 0 11 0 0 13 0 0 0 22 2
0 0 6 0 0 0 0 0 0 13 1
0 0 11 0 0 0 0 0 0 22 2
0 0 17 0 0 0 0 0 0 34 3
0 0 25 0 0 0 0 0 0 30 2
0 0 12 0 0 0 0 0 0 24 2
0 0 18 0 0 0 0 0 0 36 3
0 0 11 0 0 0 0 0 0 22 2
0 0 20 0 0 0 0 0 0 24 2
0 0 14 0 0 0 0 0 0 29 2
0 0 12 0 0 0 0 0 0 24 2
0 0 6 0 0 0 0 0 0 13 1
0 0 23 0 0 0 0 0 0 31 3
0 0 10 0 0 0 0 0 0 20 2
0 0 13 0 0 0 0 0 0 26 2
0 0 21 0 0 0 0 0 0 26 2
0 0 29 0 0 0 0 0 0 49 3
0 0 12 0 0 0 0 0 0 24 2
0 0 11 0 0 0 0 0 0 22 2
0 0 12 0 0 0 0 0 0 24 2
0 0 13 0 0 0 0 0 0 27 2
0 0 11 0 0 0 0 0 0 22 2
0 0 18 0 0 0 0 0 0 25 2
0 0 15 0 0 0 0 0 0 22 2
0 0 11 0 0 0 0 0 0 22 2
0 0 8 0 0 0 0 0 0 16 1
0 0 7 0 0 0 0 0 0 14 1
0 0 1 0 0 0 0 0 0 1 1
0 0 11 0 0 0 0 0 0 11 1
0 0 22 0 0 0 0 0 0 23 2
0 0 19 0 0 0 0 0 0 17 1
0 0 12 0 0 0 0 0 0 14 1
0 0 11 0 0 0 0 0 0 12 1
0 0 23 0 0 3 0 0 0 31 2
0 0 17 0 0 10 1 0 0 19 1
0 0 19 0 0 0 0 0 0 23 2
0 0 26 0 0 0 0 0 0 54 4
0 0 11 0 0 0 0 0 0 23 2
0 0 10 0 0 0 0 0 0 20 2
0 0 11 0 0 0 0 0 0 23 2
0 0 10 0 0 0 0 0 0 20 2
0 0 9 0 0 0 0 0 0 19 1
0 0 20 0 0 0 0 0 0 41 3
0 0 13 0 0 0 0 0 0 26 2
3 0 22 0 0 0 0 0 0 23 2
6 0 13 0 0 0 0 0 0 26 2
5 0 13 0 0 0 0 0 0 27 2
0 0 23 0 0 0 0 0 0 25 2
0 0 16 0 0 0 0 0 0 33 3
0 0 15 0 0 0 0 0 0 31 2
0 0 12 0 0 0 0 0 0 25 2
0 0 11 0 0 0 0 0 0 22 2
0 0 12 0 0 0 0 0 0 25 2
2 0 21 0 0 0 0 0 0 22 2
0 0 11 0 0 0 0 0 0 23 2
0 0 10 0 0 0 0 0 0 20 2
0 0 11 0 0 0 0 0 0 23 2
3 0 13 0 0 0 0 0 0 26 15
0 0 22 0 0 0 0 0 0 70 17
0 0 11 0 0 0 0 0 0 37 2
0 0 11 0 0 0 0 0 0 23 2
0 0 11 0 0 0 0 0 0 23 2
0 0 12 0 0 0 0 0 0 44 2
0 0 13 0 0 0 0 0 0 37 2
0 0 13 0 0 0 0 0 0 43 2
0 0 12 0 0 0 0 0 0 49 2
0 0 13 0 0 0 0 0 0 53 2
0 0 12 0 0 0 0 0 0 44 2
0 0 11 0 0 0 0 0 0 23 2
0 0 14 0 0 0 0 0 0 48 2
3 0 11 0 0 7 0 0 0 22 9
0 0 23 0 0 0 0 0 0 25 2
0 0 11 0 0 0 0 0 0 22 2
0 0 10 0 0 0 0 0 0 20 8
0 0 10 0 0 0 0 0 0 20 2
0 0 4 0 0 0 0 0 0 13 3
0 0 10 0 0 0 0 0 0 20 2
0 0 9 0 0 0 0 0 0 19 1
0 0 17 0 0 0 0 0 0 19 1
0 0 21 0 0 0 0 0 0 26 2
0 0 21 0 0 0 0 0 0 20 2
0 4 15 0 0 0 0 0 0 59 13
0 0 17 0 0 0 0 0 0 24 9
0 0 15 0 0 0 0 0 0 53 13
0 14 14 0 0 0 0 0 0 29 12
0 2 14 0 0 0 0 0 0 52 11
0 0 14 0 0 0 0 0 0 44 11
0 0 15 0 0 0 0 0 0 50 13
0 0 13 0 0 0 0 0 0 27 11
0 0 22 0 0 0 0 0 0 43 12
0 0 14 0 0 0 0 0 0 47 2
0 0 12 0 0 0 0 0 0 40 9
0 0 10 0 0 0 0 0 0 21 8
0 0 15 0 0 0 0 0 0 52 20
0 0 13 0 0 0 0 0 0 42 2
0 0 11 0 0 0 0 0 0 22 2
0 0 9 0 0 0 0 0 0 18 1
0 0 13 0 0 0 0 0 0 20 2
0 0 10 0 0 0 0 0 0 20 2
0 0 22 0 0 0 0 0 0 61 4
0 0 17 0 0 0 0 0 0 34 3
7 0 18 0 0 0 0 0 0 36 3
25 0 22 0 0 0 0 0 0 44 4
0 0 0 0 0 0 0 0 0 1 0
0 0 13 0 0 0 0 0 0 26 2
11 0 11 0 0 0 0 0 0 23 2
7 0 11 0 0 0 0 0 0 23 2
0 0 16 0 0 0 0 0 0 26 2
0 0 9 0 0 0 0 0 0 18 1
0 0 10 0 0 0 0 0 0 20 2
0 0 11 0 0 0 0 0 0 22 2
0 0 11 0 0 0 0 0 0 33 2
0 0 18 0 0 0 0 0 0 42 2
0 0 13 0 0 0 0 0 0 34 2
0 0 13 0 0 0 0 0 0 26 2
0 0 10 0 0 0 0 0 0 16 1
0 0 17 0 0 0 0 0 0 50 3
0 0 13 0 0 0 0 0 0 26 2
0 0 11 0 0 0 0 0 0 22 2
0 0 17 0 0 0 0 0 0 35 3
5 0 15 0 0 0 0 0 0 31 2
0 0 13 0 0 0 0 0 0 26 2
0 1 14 0 0 0 0 0 0 29 2
0 0 24 0 0 0 0 0 0 52 3
0 0 13 0 0 0 0 0 0 21 2
0 0 15 0 0 0 0 0 0 25 2
0 0 10 0 0 0 0 0 0 21 2
0 0 11 0 0 0 0 0 0 23 2
0 0 12 0 0 0 0 0 0 25 2
0 0 17 0 0 0 0 0 0 35 3
0 0 16 0 0 0 0 0 0 26 2
0 0 13 0 0 0 0 0 0 26 2
0 0 20 0 0 0 0 0 0 45 3
5 0 13 0 0 0 0 0 0 26 2
0 0 14 0 0 0 0 0 0 40 2
0 0 14 0 0 0 0 0 0 29 2
0 0 16 0 0 0 0 0 0 26 2
1 0 21 0 0 0 0 0 0 42 17
0 0 5 0 0 0 0 0 0 11 4
0 0 13 0 0 0 0 0 0 26 10
0 0 17 0 0 0 0 0 0 35 14
0 0 17 0 0 0 0 0 0 34 31
0 0 10 0 0 0 0 0 0 21 8
0 0 24 0 0 0 0 0 0 59 19
0 0 14 0 0 0 0 0 0 28 2
0 0 14 0 0 0 0 0 0 29 11
0 0 17 0 0 0 0 0 0 34 14
0 0 13 0 0 0 0 0 0 27 32
0 0 14 0 0 0 0 0 0 39 11
0 0 13 0 0 0 0 0 0 26 2
0 0 15 0 0 0 0 0 0 31 12
0 0 11 0 0 0 0 0 0 23 2
0 0 9 0 0 0 0 0 0 19 1
0 0 9 0 0 0 0 0 0 18 7
0 0 9 0 0 0 0 1 0 19 2
0 0 14 0 0 0 0 0 0 28 11
0 0 13 0 0 0 0 0 0 27 11
0 0 9 0 0 0 0 0 0 19 8
0 0 17 0 0 0 0 0 0 48 36
0 0 12 0 0 0 0 0 0 38 10
0 0 11 0 0 0 0 0 0 23 9
0 0 19 0 0 0 0 0 0 38 37
0 0 10 0 0 7 0 2 0 20 8
0 0 10 0 0 0 0 0 0 21 8
0 0 9 0 0 0 0 0 0 19 8
0 0 9 0 0 0 0 1 0 18 7
0 0 21 0 0 0 0 0 0 42 39
0 0 10 0 0 0 0 0 0 20 8
0 0 16 0 0 0 0 0 0 32 13
0 0 15 0 0 0 0 0 0 30 12
0 0 17 0 0 0 0 0 0 34 14
0 0 26 0 0 0 0 0 0 53 65
0 0 15 0 0 0 0 0 0 30 47
0 0 18 0 0 0 0 0 0 47 49
0 0 13 0 0 0 0 0 0 39 32
0 0 15 0 0 0 0 0 0 30 12
0 0 4 0 0 0 0 0 0 33 44
0 0 4 0 0 0 0 0 0 30 12
0 0 13 0 0 0 0 0 0 27 11
0 0 5 0 0 0 0 0 0 40 77
0 0 4 0 0 0 0 0 0 30 77
0 0 5 0 0 0 0 0 0 47 69
0 0 13 0 0 0 0 0 0 27 28
1 0 12 0 0 0 0 0 0 25 27
0 0 11 0 0 0 0 0 0 23 2
0 0 10 0 0 0 0 0 0 20 2
0 0 8 0 0 0 0 0 0 17 1
0 0 9 0 0 0 0 5 0 19 7
1 0 13 0 0 0 0 0 0 26 15
0 0 10 0 0 0 0 0 0 20 2
0 0 9 0 0 0 0 0 0 19 7
0 0 8 0 0 0 0 0 0 17 7
0 0 10 0 0 0 0 0 0 20 2
0 0 10 0 0 0 0 0 0 20 2
0 0 9 0 0 0 0 0 0 19 7
0 0 8 0 0 0 0 0 0 17 15
0 0 11 0 0 0 0 0 0 22 2
0 0 10 0 0 0 0 3 0 20 26
0 0 9 0 0 0 0 0 0 19 20
0 0 7 0 0 0 0 0 0 14 19
2 0 11 0 0 3 0 0 0 22 9
0 0 9 0 0 0 0 0 0 19 1
0 0 10 0 0 0 0 0 0 20 8
0 0 2 0 0 0 0 0 0 17 7
0 0 8 0 0 0 0 0 0 17 1
0 0 9 0 0 0 0 3 0 19 20
0 0 8 0 0 0 0 2 0 17 7
0 0 2 0 0 0 1 0 0 6 1
0 0 10 0 0 0 0 0 0 20 2
0 0 11 0 0 0 0 0 0 22 9
0 0 10 0 0 0 0 0 0 20 2
0 0 13 0 0 0 0 0 0 27 24
1 0 9 0 0 3 4 0 0 19 8
0 0 12 0 0 0 0 0 0 24 23
0 0 10 0 0 0 0 0 0 21 17
0 0 11 0 0 0 0 0 0 23 22
0 0 10 0 0 0 0 0 0 21 8
0 0 3 0 0 0 0 0 0 6 3
0 0 1 0 0 0 0 0 0 3 1
0 0 5 0 0 0 0 0 0 10 4
0 0 1 0 0 0 0 0 0 10 4
0 0 4 0 0 0 0 0 0 9 4
0 0 2 0 0 0 0 0 0 14 23
0 0 6 0 0 0 0 0 0 11 18
0 0 5 0 0 0 0 0 0 11 17
0 0 1 0 0 0 0 0 0 8 3
0 0 14 0 0 0 0 0 0 40 25
0 0 11 0 0 0 0 0 0 22 9
0 0 12 0 0 0 0 0 0 38 10
0 0 13 0 0 0 0 0 0 40 11
0 0 11 0 0 0 0 0 0 23 9
0 0 11 0 0 0 0 0 0 22 9
0 0 2 0 0 0 0 0 0 13 27
0 0 12 0 0 0 0 0 0 35 27
0 0 11 0 0 0 0 0 0 23 9
0 0 10 0 0 0 0 0 0 20 8
0 0 1 0 0 0 0 0 0 7 3
0 0 1 0 0 0 0 0 0 6 3
0 0 1 0 0 0 0 0 0 8 3
0 0 3 0 0 0 0 0 0 7 3
0 0 4 0 0 0 0 0 0 9 4
0 0 1 0 0 0 0 0 0 10 4
0 0 1 0 0 0 0 0 0 7 3
0 0 1 0 0 0 0 0 0 8 21
0 0 1 0 0 0 0 0 0 6 24
0 0 6 0 0 0 0 0 0 11 5
0 0 1 0 0 0 0 0 0 8 3
0 0 1 0 0 0 0 0 0 7 3
0 0 2 0 0 3 0 0 0 13 5
0 0 1 0 0 0 0 0 0 11 5
0 0 1 0 0 0 0 0 0 11 5
0 0 2 0 0 0 0 0 0 19 25
0 0 1 0 0 0 0 0 0 9 4
0 0 1 0 0 0 0 0 0 11 4
0 0 1 0 0 0 0 0 0 10 17
0 0 1 0 0 0 0 0 0 10 4
0 0 1 0 0 0 0 0 0 11 26
0 0 1 0 0 0 0 0 0 10 39
0 0 1 0 0 0 0 0 0 12 35
0 0 1 0 0 0 0 0 0 12 53
0 0 1 0 0 0 0 0 0 6 20
0 0 1 0 0 0 0 0 0 8 20
0 0 1 0 0 0 0 0 0 10 17
0 0 1 0 0 0 0 0 0 7 3
0 0 1 0 0 0 0 0 0 9 17
0 0 1 0 0 0 0 0 0 10 21
0 0 1 0 0 0 0 0 0 8 3
0 0 1 0 0 0 0 0 0 8 3
0 0 3 0 0 0 0 0 0 7 3
0 0 1 0 0 0 0 0 0 7 3
0 0 3 0 0 0 0 0 0 7 3
0 0 2 0 0 0 0 0 0 14 6
0 0 1 0 0 0 0 0 0 8 3
0 0 1 0 0 0 0 0 0 7 3
0 0 1 0 0 0 0 0 0 6 2
0 0 1 0 0 0 0 0 0 11 4
0 0 4 0 0 0 0 0 0 9 4
0 0 10 0 0 0 0 0 0 21 8
0 0 2 0 0 0 0 0 0 13 5
0 0 1 0 0 0 0 0 0 11 5
0 0 2 0 0 0 0 0 0 16 28
0 0 7 0 0 0 0 0 0 15 6
0 0 5 0 0 0 0 0 0 9 4
0 0 2 0 0 0 0 0 0 13 5
0 0 2 0 0 0 0 0 0 13 5
0 0 6 0 0 0 0 0 0 22 5
0 0 2 0 9 0 0 0 0 19 64
0 0 2 0 0 0 0 0 0 15 45
0 0 2 0 0 0 0 0 0 13 31
0 0 1 0 0 0 0 0 0 11 22
0 0 2 0 0 0 0 0 0 34 7
0 0 1 0 0 0 0 0 0 10 4
0 0 1 0 0 0 0 0 0 11 26
0 0 8 0 0 0 0 0 0 30 6
0 0 6 0 0 0 0 0 0 13 5
0 0 2 0 0 0 0 0 0 16 6
0 0 8 0 0 0 0 0 0 16 6
2 0 6 0 0 0 0 0 0 13 5
0 0 6 0 0 0 0 0 0 11 5
0 0 8 0 0 0 0 0 0 16 6
0 0 5 0 0 0 0 0 0 10 4
0 0 6 0 0 0 0 0 0 12 5
0 0 6 0 0 0 0 0 0 11 5
0 0 1 0 0 0 0 0 0 8 3
0 0 7 0 0 0 0 0 0 15 6
0 0 1 0 0 0 0 0 0 11 5
0 0 2 0 0 0 0 0 0 14 6
0 0 2 0 0 0 0 0 0 12 5
0 0 1 0 0 0 0 0 0 11 5
0 0 1 0 0 0 0 0 0 8 3
0 0 2 0 0 0 0 0 0 15 6
0 0 2 0 11 0 0 0 0 25 6
0 0 1 0 0 0 0 0 0 10 4
0 0 1 0 0 0 0 0 0 11 5
0 0 2 0 7 0 0 0 0 31 8
0 0 1 0 4 0 0 0 0 11 5
0 0 1 0 3 0 0 0 0 11 5
0 0 1 0 0 0 0 0 0 10 17
0 0 1 0 0 0 0 0 0 7 3
0 0 2 0 0 0 0 0 0 17 24
0 0 1 0 0 0 0 0 0 10 17
0 0 1 0 0 0 0 0 0 10 4
0 0 1 0 0 0 0 0 0 9 4
0 0 1 0 0 0 0 0 0 7 3
0 0 1 0 0 0 0 0 0 4 2
0 0 1 0 0 0 0 0 0 5 3
0 0 1 0 0 0 0 0 0 5 2
0 0 0 0 0 0 0 0 0 1 1
0 0 0 0 0 0 0 0 0 1 1
0 0 1 0 0 0 0 0 0 7 3
0 0 2 0 0 0 0 0 0 15 28
0 0 1 0 0 0 0 0 0 5 2
0 0 1 0 0 0 0 0 0 9 17
0 0 1 0 0 0 0 0 0 9 4
0 0 1 0 0 0 0 0 0 8 4
0 0 1 0 0 0 0 0 0 7 4
0 0 1 0 0 0 0 0 0 8 34
0 0 1 0 0 0 0 0 0 6 3
0 0 1 0 0 0 0 0 0 4 2
0 0 1 0 0 0 0 0 0 2 1
0 0 2 0 0 0 0 0 0 23 5
0 0 1 0 0 0 0 0 0 9 4
0 0 1 0 0 0 0 0 0 10 4
0 0 2 0 0 0 0 0 0 29 7
0 0 1 0 0 0 0 0 0 9 4
0 0 1 0 0 0 0 0 0 7 3
0 0 1 0 0 0 0 0 0 11 4
0 0 1 0 0 0 0 0 0 9 3
0 0 0 0 0 0 0 0 0 1 0
0 0 2 0 0 0 0 0 0 10 5
0 0 1 0 0 0 0 0 0 10 4
0 0 1 0 0 0 0 0 0 2 1
0 0 1 0 0 0 0 0 0 3 1
0 0 10 0 0 0 0 0 0 21 2
0 0 9 0 0 0 0 0 0 19 2
0 0 9 0 0 0 0 0 0 18 1
0 0 11 0 0 0 0 0 0 18 1
0 0 9 0 0 0 0 0 0 18 1
0 0 9 0 0 0 0 0 0 18 1
0 0 9 0 0 0 0 0 0 18 1
0 0 14 0 0 0 0 0 0 22 2
0 0 9 0 0 0 0 0 0 18 1
0 0 14 0 0 0 0 0 0 22 2
0 0 11 0 0 0 0 0 0 18 1
0 0 11 0 0 0 0 0 0 17 1
0 0 11 0 0 0 0 0 0 22 2
0 0 10 0 0 0 0 0 0 21 2
0 0 11 0 0 0 0 0 0 23 2
0 8 12 0 0 0 0 0 0 25 2
0 0 13 0 0 0 0 0 0 26 2
0 3 12 0 0 0 0 0 0 25 2
0 0 17 0 0 0 0 0 0 59 3
0 0 16 0 0 0 0 0 0 32 3
0 0 14 0 0 0 0 0 0 28 2
0 0 13 0 0 0 0 0 0 26 2
0 0 21 0 0 0 0 0 0 85 3
0 0 13 0 0 0 0 0 0 26 2
0 0 16 0 0 0 0 0 0 51 3
0 0 16 0 0 0 0 0 0 57 3
0 0 16 0 0 0 0 0 0 50 3
0 0 20 0 0 0 0 0 0 84 3
0 0 11 0 0 0 0 0 0 39 31
0 0 14 0 0 0 0 0 0 66 2
0 0 9 0 0 7 0 0 0 19 7
0 0 9 0 0 0 0 0 0 19 7
0 0 17 0 0 0 0 0 0 70 16
0 0 17 0 0 0 0 0 0 26 2
0 0 13 0 0 0 0 0 0 54 2
0 0 14 0 0 20 0 0 0 50 2
0 0 23 0 0 0 0 0 0 73 3
0 0 13 0 0 0 0 0 0 51 2
3 0 14 0 0 0 0 0 0 28 2
10 0 18 0 0 0 0 0 0 29 2
0 0 13 0 0 0 0 0 0 26 2
0 0 21 0 0 0 0 0 0 71 3
0 0 23 0 0 0 0 0 0 87 4
0 0 17 0 0 0 0 0 0 62 3
5 0 14 0 0 0 0 0 0 28 2
0 0 44 0 0 0 0 0 0 0 0
0 0 0 0 0 0 0 0 0 0 0
0 0 0 0 0 0 0 0 0 0 0
0 0 1 0 0 0 0 0 0 1 0
0 0 1 0 0 0 0 0 0 1 0
0 0 0 0 0 0 0 0 0 0 0
0 0 24 0 0 0 0 0 0 12 1
0 0 6 0 0 0 0 0 0 1 0
0 0 43 0 0 0 0 0 0 30 2
0 0 30 0 0 0 0 0 0 18 1
0 0 11 0 0 0 0 0 0 3 0
0 0 8 0 0 0 0 0 0 13 1
0 0 7 0 0 0 0 0 0 2 0
0 0 27 0 0 0 0 0 0 6 0
0 0 21 0 0 0 0 0 0 2 0
0 0 11 0 0 0 0 0 0 3 0
0 0 10 0 0 0 0 0 0 2 0
0 0 21 0 0 0 0 0 0 34 0
0 0 14 0 0 0 0 0 0 22 2
0 0 13 0 0 0 0 0 0 20 0
0 0 20 0 0 0 0 0 0 31 2
0 0 2 0 0 0 0 0 0 4 1
0 0 17 0 0 0 0 0 0 4 0
0 0 13 0 0 0 0 0 0 3 0
0 0 13 0 0 0 0 0 0 3 0
0 0 20 0 0 0 0 0 0 31 0
0 0 15 0 0 0 0 0 0 24 0
0 0 32 0 0 0 0 0 0 52 4
0 0 15 0 0 0 0 0 0 24 2
0 0 20 0 0 0 0 0 0 31 2
0 0 24 0 0 3 0 0 0 38 3
0 0 25 0 0 0 0 0 0 39 3
0 0 22 0 0 0 0 0 0 35 3
0 0 14 0 0 0 0 0 0 22 2
0 0 13 0 0 0 0 0 0 20 2
0 0 17 0 0 0 0 0 0 27 2
0 0 19 0 0 0 0 0 0 60 3
0 0 16 0 0 0 0 0 0 32 3
0 0 22 0 0 0 0 0 0 75 4
0 0 39 0 0 0 0 0 0 40 3
0 0 25 0 0 0 0 0 0 64 3
0 0 17 0 0 0 0 0 0 27 0
0 0 27 0 0 0 0 0 0 4 0
0 0 13 0 0 0 0 0 0 3 0
0 0 20 0 0 0 0 0 0 67 3
2 0 45 0 0 3 4 0 0 6 0
0 0 26 0 0 0 0 0 0 21 0
0 0 41 0 0 0 0 0 0 6 0
0 0 15 0 0 0 0 0 0 24 2
0 0 27 0 0 0 0 0 0 61 3
0 0 14 0 0 0 0 0 0 22 0
0 0 13 0 0 0 0 0 0 37 2
0 0 23 0 0 0 0 0 0 58 3
0 0 21 0 0 0 0 0 0 80 3
0 0 11 0 0 0 0 0 0 47 2
0 0 18 0 0 0 0 0 0 29 2
0 0 21 0 0 0 0 0 0 78 3
0 0 10 0 0 0 0 0 0 37 2
0 0 11 0 0 0 0 0 0 44 2
0 0 8 0 0 0 0 0 0 17 1
0 0 8 0 0 0 0 0 0 17 1
0 0 25 0 0 0 0 0 0 64 3
0 0 10 0 0 0 0 0 0 37 2
0 0 18 0 0 0 0 0 0 58 3
0 0 8 0 0 0 0 0 0 16 1
0 0 8 0 0 0 0 0 0 16 1
0 0 9 0 0 0 0 0 0 38 1
0 0 18 0 0 0 0 0 0 71 16
0 0 9 0 0 0 0 0 0 19 7
0 0 16 0 0 0 0 0 0 62 13
0 0 12 0 0 0 0 0 0 19 1
0 0 9 0 0 0 0 0 0 19 7
0 0 10 0 0 0 0 0 0 16 1
0 0 14 0 0 0 0 0 0 23 2
0 9 13 0 0 0 0 0 0 21 2
0 0 14 0 0 0 0 0 0 28 11
0 0 9 0 0 0 0 0 0 19 7
2 0 20 0 0 10 12 0 0 5 0
2 0 17 0 0 0 0 0 0 41 2
0 0 9 0 0 0 0 0 0 18 1
0 0 14 0 0 0 0 0 0 22 0
0 0 1 0 0 0 0 0 0 1 0
0 0 28 0 0 0 0 0 0 43 2
0 0 17 0 0 0 0 0 0 49 2
0 0 4 0 0 0 0 0 0 0 0
0 0 21 0 0 0 0 0 0 3 0
2 0 11 0 0 0 0 0 0 18 1
0 0 6 0 0 0 0 0 0 13 1
0 0 6 0 0 0 0 0 0 1 0
0 0 4 0 0 0 0 0 0 6 1
0 0 0 0 0 0 0 0 0 0 0
0 0 1 0 0 0 0 0 0 1 0
0 0 1 0 0 0 0 0 0 0 0
0 0 4 0 0 0 0 0 0 6 1
1 0 22 0 0 0 0 0 0 24 2
0 0 8 0 0 0 0 0 0 13 0
0 0 27 0 0 0 0 0 0 25 2
0 0 9 0 0 0 0 0 0 18 1
0 0 6 0 0 0 0 0 0 13 1
0 0 1 0 0 0 0 0 0 1 0
0 0 1 0 0 0 0 0 0 1 0
0 0 4 0 0 0 0 0 0 9 4
0 0 4 0 0 0 0 0 0 8 1
0 0 1 0 0 0 0 0 0 1 0
0 0 1 0 0 0 0 0 0 1 0
0 0 2 0 0 0 0 0 0 5 1
0 0 2 0 0 0 0 0 0 5 1
0 0 1 0 0 0 0 0 0 3 1
0 0 1 0 0 0 0 0 0 3 1
1 0 17 0 0 0 0 0 0 27 15
0 0 9 0 0 0 0 0 0 14 1
0 0 16 0 0 0 0 0 0 25 19
0 0 9 0 0 0 0 0 0 18 7
0 0 8 0 0 0 0 0 0 15 6
0 0 7 0 0 0 0 0 0 14 6
0 0 1 0 0 0 0 0 0 9 4
0 0 1 0 0 0 0 0 0 5 1
0 0 15 0 0 0 0 0 0 23 15
0 0 11 0 0 0 0 0 0 18 1
0 0 2 0 0 0 3 0 0 14 6
0 0 9 0 0 0 0 0 0 14 1
0 64 13 0 0 0 0 0 0 27 19
0 6 8 0 0 0 0 0 0 15 6
0 0 11 0 0 0 0 0 0 18 1
0 0 11 0 3 0 4 0 0 22 9
0 0 8 0 0 0 0 0 0 15 6
0 0 10 0 0 0 0 0 0 15 1
0 0 2 0 0 0 0 0 0 15 6
0 0 1 0 0 0 0 0 0 8 3
0 0 1 0 0 0 0 0 0 9 4
0 0 1 0 0 0 0 0 0 8 3
0 0 1 0 0 0 0 0 0 9 4
0 0 2 0 0 0 0 0 0 13 5
0 0 1 0 0 0 0 0 0 8 3
0 0 1 0 0 0 0 0 0 11 4
0 0 1 0 0 0 0 0 0 10 4
0 0 1 0 0 0 0 0 0 12 5
0 0 1 0 0 0 0 0 0 9 4
0 0 1 0 0 0 0 0 0 7 3
0 0 1 0 0 0 0 0 0 10 4
0 0 2 0 0 0 0 0 0 15 15
0 0 1 0 0 0 0 0 0 11 4
0 0 1 0 0 0 0 0 0 9 4
0 0 1 0 0 0 0 0 0 10 4
0 0 1 0 0 0 0 0 0 9 4
0 0 1 0 0 0 0 0 0 8 3
0 0 2 0 0 0 0 0 0 17 20
0 0 1 0 0 0 0 0 0 10 4
0 0 1 0 0 0 0 0 0 9 4
0 0 1 0 0 0 0 0 0 10 4
0 2 1 0 0 0 0 0 0 8 4
0 3 1 0 0 0 0 0 0 4 2
0 0 1 0 0 0 0 0 0 9 4
0 0 1 0 0 0 0 0 0 7 4
0 0 2 0 0 0 0 0 0 11 16
0 0 1 0 0 0 0 0 0 6 1
0 0 1 0 0 0 0 0 0 5 3
0 0 0 0 0 0 0 0 0 1 1
0 0 1 0 0 0 0 0 0 1 1
0 0 1 0 0 0 0 0 0 8 4
0 0 0 0 0 0 0 0 0 1 1
0 0 1 0 0 0 0 0 0 5 1
0 0 1 0 0 0 0 0 0 1 1
0 0 0 0 0 0 0 0 0 1 1
0 0 0 0 0 0 0 0 0 1 1
0 0 0 0 0 0 0 0 0 1 0
0 0 2 0 0 0 0 0 0 15 15
0 0 1 0 0 0 0 0 0 1 1
0 0 1 0 0 0 0 0 0 10 4
0 0 1 0 0 0 0 0 0 9 4
0 0 1 0 0 0 0 0 0 9 3
0 0 2 0 0 0 0 0 0 6 1
0 0 1 0 0 0 0 0 0 6 1
0 0 1 0 0 0 0 0 0 1 1
0 0 3 0 0 0 0 0 0 12 3
0 0 0 0 0 0 0 0 0 1 0
0 0 1 0 0 0 0 0 0 3 1
0 0 0 0 0 0 0 0 0 1 0
0 0 0 0 0 0 0 0 0 1 0
0 0 0 0 0 0 0 0 0 1 0
0 0 0 0 0 0 0 0 0 1 0
0 0 1 0 0 0 0 0 0 2 1
0 0 1 0 0 0 0 0 0 3 1
0 0 1 0 0 0 0 0 0 3 1
0 0 1 0 0 0 0 0 0 1 1
0 0 2 0 0 0 0 0 0 9 2
0 0 1 0 0 0 0 0 0 2 1
0 0 1 0 0 0 0 0 0 2 1
0 0 1 0 0 0 0 0 0 2 1
0 0 1 0 0 0 1 0 0 8 2
0 0 2 0 0 0 0 0 0 8 2
0 0 2 0 0 0 0 0 0 6 2
0 0 3 0 0 0 0 0 0 9 2
0 0 2 0 0 0 0 0 0 8 2
0 0 2 0 0 0 0 0 0 7 2
0 0 2 0 0 0 0 0 0 7 2
0 0 1 0 0 0 0 0 0 2 1
0 0 3 0 0 0 0 0 0 11 3
0 0 1 0 0 0 0 0 0 11 5
0 0 3 0 0 0 0 0 0 7 2
0 0 9 0 0 0 0 0 0 15 1
0 2 8 0 0 0 0 0 0 12 1
0 0 7 0 0 0 0 0 0 14 1
0 0 7 0 0 0 0 0 0 29 1
0 0 7 0 0 0 0 0 0 15 6
0 0 10 0 0 0 0 0 0 21 9
0 0 10 0 0 0 0 0 0 30 2
0 0 1 0 0 0 0 0 0 3 1
0 0 9 0 0 0 0 0 0 17 7
0 0 5 0 0 0 0 0 0 11 4
0 0 2 0 6 0 0 0 0 4 2
0 0 1 0 0 0 0 0 0 2 1
0 0 9 0 0 0 0 0 0 15 1
0 0 1 0 0 0 0 0 0 2 1
0 0 16 0 13 0 0 0 0 33 26
0 0 1 0 0 0 0 0 0 2 1
0 0 11 0 4 0 0 0 0 23 9
0 0 13 0 9 0 0 0 0 26 24
0 0 14 0 9 0 0 0 0 29 29
0 0 2 0 0 0 0 0 0 17 7
0 0 2 0 0 0 0 0 0 20 8
0 0 10 0 20 0 0 0 0 21 9
0 0 10 0 11 0 0 0 0 20 8
0 1 2 0 0 0 0 0 0 15 6
0 0 7 0 0 0 0 0 0 11 1
0 0 2 0 7 0 0 0 0 16 7
0 0 2 0 0 0 0 0 0 15 6
0 0 1 0 0 0 0 0 0 8 3
0 0 2 0 0 0 0 0 0 14 6
0 0 1 0 0 0 0 0 0 10 4
0 0 1 0 0 0 0 0 0 12 5
0 0 2 0 0 0 0 0 0 13 5
0 0 1 0 0 0 0 0 0 10 4
0 0 1 0 0 0 0 0 0 7 4
0 0 2 0 0 0 0 0 0 11 6
0 0 2 0 0 0 0 0 0 14 5
0 0 2 0 0 0 0 0 0 14 6
0 0 5 0 4 0 0 0 0 39 15
0 0 4 0 0 0 0 0 0 13 3
0 0 1 0 0 0 0 0 0 8 2
0 0 2 0 0 0 0 0 0 11 3
0 0 2 0 0 0 0 0 0 9 2
0 0 6 0 0 0 0 0 0 23 5
0 0 6 0 0 0 0 0 0 45 18
0 0 2 0 0 0 0 0 0 19 8
0 0 5 0 0 0 0 0 0 17 4
0 0 7 0 7 0 0 0 0 74 22
0 0 6 0 9 0 0 0 0 58 9
0 0 6 0 0 0 0 0 0 62 18
0 0 5 0 0 0 0 0 0 41 16
0 0 5 0 0 0 0 0 0 29 7
0 0 9 0 0 0 0 0 0 44 7
0 0 6 0 0 0 0 0 0 65 20
0 0 6 0 0 0 0 0 0 58 19
0 0 4 0 0 0 0 0 0 23 12
0 0 7 0 0 0 0 0 0 55 9
0 0 6 0 0 0 0 0 0 34 8
0 0 10 0 0 0 0 0 0 37 9
0 0 9 0 0 0 0 0 0 76 13
0 0 9 0 0 0 0 0 0 81 13
0 0 10 0 0 0 0 0 0 88 14
0 0 9 0 0 0 0 0 0 86 13
0 0 16 0 0 0 0 0 0 83 13
0 0 9 0 0 0 0 0 0 70 12
0 0 9 0 0 0 0 0 0 78 13
0 0 9 0 0 0 0 0 0 73 12
0 0 10 0 0 0 0 0 0 91 15
0 0 10 0 0 0 0 0 0 80 14
3 0 8 0 0 0 0 0 0 49 12
0 0 9 0 0 0 0 0 0 73 13
0 0 12 0 0 0 0 0 0 91 16
0 0 6 0 0 0 0 0 0 36 9
5 0 9 0 0 0 0 0 0 81 13
0 0 11 0 0 0 0 0 0 95 16
0 0 9 0 0 0 0 0 0 78 13
0 0 9 0 0 0 0 0 0 75 13
0 0 11 0 0 0 0 0 0 78 16
0 0 7 0 0 0 0 0 0 42 10
0 0 3 0 0 0 0 0 0 20 5
0 0 6 0 0 0 0 0 0 36 9
0 0 9 0 0 0 0 0 0 50 8
0 0 7 0 0 7 0 0 0 25 6
0 0 8 0 0 3 0 0 0 29 7
0 0 6 0 0 0 0 0 0 36 9
0 0 4 0 0 0 0 0 0 14 3
0 0 5 0 0 0 0 0 0 32 8
0 0 4 0 0 0 0 0 0 22 5
0 0 7 0 0 0 0 0 0 41 10
0 0 5 0 0 0 0 0 0 32 8
0 0 7 0 0 0 0 0 0 41 10
0 0 4 0 11 0 0 0 0 26 6
0 0 3 0 0 0 0 0 0 20 5
0 0 5 0 0 0 0 0 0 31 7
0 0 6 0 0 0 0 0 0 35 8
0 0 6 0 7 0 0 0 0 35 9
0 0 9 0 0 0 0 0 0 31 7
1 0 10 0 24 0 0 0 0 51 9
0 0 10 0 20 0 0 0 0 37 9
0 0 7 0 0 0 0 0 0 25 6
0 0 9 0 0 0 0 0 0 34 8
0 0 9 0 0 0 0 0 0 31 7
1 0 5 0 0 0 0 0 0 27 7
0 0 12 0 16 0 0 0 0 43 10
0 0 10 0 0 0 0 0 0 37 9
0 0 9 0 0 0 0 0 0 34 8
0 0 10 0 11 0 0 0 0 36 9
0 0 10 0 0 0 0 0 0 36 9
0 0 8 0 4 0 0 0 0 27 7
0 0 4 0 6 0 0 0 0 26 6
0 0 3 0 0 0 0 0 0 20 5
0 0 6 0 33 0 0 0 0 34 8
0 0 8 0 13 0 0 0 0 27 7
0 0 3 0 0 0 0 0 0 20 5
0 0 7 0 9 0 0 0 0 26 6
0 0 9 0 22 0 0 0 0 32 8
0 0 9 0 18 0 0 0 0 31 7
0 0 10 0 16 0 0 0 0 36 26
0 0 9 0 0 0 0 0 0 32 8
0 0 10 0 0 0 0 0 0 37 9
0 0 9 0 9 0 0 0 0 34 8
0 0 10 0 0 0 0 0 0 35 8
0 0 10 0 0 0 0 0 0 35 9
0 0 4 0 0 0 0 0 0 14 3
0 0 15 0 9 0 0 0 0 58 26
0 0 12 0 0 0 0 0 0 43 10
0 0 12 0 0 0 0 0 0 42 10
0 0 11 0 7 0 0 0 0 41 10
0 0 12 0 9 0 0 0 0 43 10
0 0 13 0 0 0 0 0 0 56 11
0 0 13 0 0 0 0 0 0 52 14
0 0 13 0 7 0 0 0 0 34 11
0 0 4 0 0 0 0 0 0 9 3
0 0 10 0 0 0 0 0 0 26 9
0 0 9 0 0 0 0 0 0 23 8
0 0 8 0 0 0 0 0 0 21 7
0 0 14 0 0 0 0 0 0 49 12
0 0 14 0 0 0 0 0 0 38 25
0 0 6 0 0 0 0 0 0 16 20
0 0 12 0 0 0 0 0 0 31 12
0 0 1 0 0 0 0 0 0 3 1
0 0 8 45 0 0 0 0 0 21 22
0 0 5 8 0 0 0 0 0 14 6
0 0 7 35 0 0 0 0 0 18 7
0 0 5 0 0 0 0 0 0 13 5
0 0 2 0 0 0 0 0 0 5 2
0 0 6 0 0 0 0 0 0 35 8
0 0 3 0 0 0 0 0 0 20 5
0 0 1 0 0 0 0 0 0 7 2
0 0 1 0 0 0 0 0 0 10 4
0 0 19 5 0 0 0 0 0 60 7
0 0 12 0 0 0 0 0 0 47 6
0 0 6 0 0 0 0 0 0 42 5
0 0 14 0 0 0 0 0 0 20 5
0 0 4 0 0 0 0 0 0 24 6
0 0 6 0 0 0 0 0 0 22 5
0 9 6 0 0 0 0 0 0 22 5
0 2 11 0 0 0 0 0 0 35 5
0 0 6 0 0 0 0 0 0 20 5
0 0 2 0 0 0 0 0 0 10 2
0 0 3 0 0 0 0 0 0 18 4
0 0 1 0 0 0 0 0 0 8 2
0 0 2 0 0 0 0 0 0 12 3
0 0 14 0 0 0 0 0 0 20 5
0 0 3 0 0 0 0 0 0 9 3
0 0 5 0 0 0 0 0 0 18 4
0 0 6 2 0 0 0 0 0 23 6
0 0 4 0 0 0 0 0 0 15 4
0 0 4 0 0 0 0 0 0 15 4
0 0 4 0 0 0 0 0 0 14 3
0 0 5 0 0 0 0 0 0 17 4
0 0 4 0 0 0 0 0 0 10 3
0 0 3 0 0 0 0 0 0 7 3
0 0 4 0 0 0 0 0 0 11 4
0 0 5 0 0 0 0 0 0 12 5
0 0 5 0 0 0 0 0 0 17 4
0 0 3 0 0 0 0 0 0 10 2
0 0 3 0 0 0 0 0 0 10 2
0 0 4 0 0 0 0 0 0 15 4
0 0 4 0 0 0 0 0 0 15 4
0 0 2 0 0 0 0 0 0 9 2
0 0 3 0 0 0 0 0 0 9 2
0 0 2 0 0 0 0 0 0 8 2
0 0 3 0 0 0 0 0 0 12 3
0 0 5 0 0 0 0 0 0 14 5
0 0 3 0 0 0 0 0 0 8 3
0 0 3 0 0 0 0 0 0 9 3
0 0 5 5 0 0 0 0 0 13 4
0 0 5 0 0 0 0 0 0 13 4
0 0 9 0 0 0 0 0 0 33 8
0 0 7 0 0 0 0 0 0 27 6
0 0 3 0 0 0 0 0 0 17 4
0 0 4 0 0 0 0 0 0 15 4
0 0 5 0 0 0 0 0 0 19 5
0 0 9 0 0 0 0 0 0 31 7
0 0 8 0 0 0 0 0 0 28 7
0 0 8 0 0 0 0 0 0 29 7
0 0 6 0 0 0 0 0 0 23 6
0 0 4 0 0 0 0 0 0 11 4
0 0 7 0 0 0 0 0 0 26 6
0 0 7 8 0 0 0 0 0 19 6
0 0 6 0 0 0 0 0 0 15 5
0 0 5 0 0 0 0 0 0 13 4
0 0 6 0 0 0 0 0 0 15 6
0 0 3 15 0 0 0 0 0 9 4
0 0 3 45 0 0 0 0 0 7 3
0 0 2 38 0 0 0 0 0 8 2
0 0 3 100 0 0 0 0 0 9 4
0 0 3 30 0 0 0 0 0 9 4
0 0 3 15 0 0 0 0 0 8 3
0 0 2 20 0 0 0 0 0 6 2
0 0 3 12 0 0 0 0 0 9 4
0 0 3 0 0 0 0 0 0 8 3
0 0 1 0 0 0 0 0 0 3 1
0 0 4 0 0 0 0 0 0 14 3
0 0 3 0 0 0 0 0 0 8 3
0 0 3 0 0 0 0 0 0 8 3
0 0 3 0 0 0 0 0 0 8 3
0 3 4 15 0 0 0 0 0 9 4
0 6 11 25 0 0 0 0 0 15 6
0 0 3 0 0 0 0 0 0 8 3
0 0 4 0 0 0 0 0 0 9 4
0 0 2 0 0 0 0 0 0 7 3
0 0 5 0 0 0 0 0 0 12 5
0 0 3 0 0 0 0 0 0 7 3
0 0 4 0 0 0 0 0 0 11 4
0 2 5 40 0 0 0 0 0 13 14
0 0 3 0 0 0 0 0 0 8 3
0 0 5 10 0 0 0 0 0 13 5
0 0 4 0 0 0 0 0 0 10 4
0 0 3 10 0 0 0 0 0 7 3
0 0 2 0 0 0 0 0 0 4 2
0 0 1 0 0 0 0 0 0 4 1
0 0 12 15 0 0 0 0 0 30 25
0 0 12 12 0 0 0 0 0 33 11
0 0 12 0 0 0 0 0 0 30 10
0 0 12 0 0 0 0 0 0 31 10
0 0 13 0 0 0 0 0 0 35 11
0 0 14 8 0 0 0 0 0 37 25
0 0 13 0 0 0 0 0 0 34 11
0 0 13 0 0 0 0 0 0 35 11
0 0 10 0 0 0 0 0 0 27 11
0 0 13 0 0 0 0 0 0 34 14
0 0 9 0 0 0 0 0 0 7 3
0 0 2 0 0 0 0 0 0 5 2
0 3 3 0 0 0 0 0 0 8 3
0 0 8 8 0 0 0 0 0 7 3
0 0 3 0 0 0 0 0 0 7 3
0 0 3 0 0 0 0 0 0 7 3
0 3 9 0 0 0 0 0 0 7 3
0 0 6 0 0 0 0 0 0 15 6
0 0 4 0 0 10 0 0 0 11 4
0 0 3 0 0 0 0 0 0 8 3
0 0 4 0 0 0 0 0 0 11 4
0 0 3 0 0 0 0 0 0 8 3
0 0 3 0 0 0 0 0 0 8 3
0 0 3 0 0 0 0 0 0 8 3
0 0 2 0 0 0 0 0 0 7 3
0 0 5 0 0 0 0 0 0 13 4
0 0 4 0 0 0 0 0 0 9 3
0 0 3 0 0 0 0 0 0 8 3
0 0 2 0 0 0 0 0 0 7 2
0 0 4 0 0 0 0 0 0 11 4
0 0 1 0 0 0 0 0 0 3 1
0 0 2 0 0 0 0 0 0 6 2
0 0 2 0 0 0 0 0 0 6 2
0 0 3 0 0 0 0 0 0 9 3
0 0 1 0 0 0 0 0 0 4 1
0 0 2 0 0 0 0 0 0 4 2
0 0 2 0 0 0 0 0 0 4 2
0 0 2 0 0 0 0 0 0 5 2
0 0 1 0 0 0 0 0 0 4 1
0 0 2 0 0 0 0 0 0 6 2
0 1 3 0 0 0 0 0 0 7 3
0 0 3 0 0 0 0 0 0 7 3
0 0 24 0 0 0 0 0 0 50 21
0 0 8 0 0 0 0 0 0 28 7
0 0 8 0 0 0 0 0 0 21 7
0 0 3 0 0 0 0 0 0 8 2
0 0 2 0 0 0 0 0 0 5 2
0 0 9 0 0 0 0 0 0 23 7
0 0 8 0 0 0 0 0 0 21 7
0 0 5 0 0 0 0 0 0 14 6
0 0 5 0 0 0 0 0 0 12 5
0 0 3 0 0 0 0 0 0 8 3
0 0 1 0 0 0 0 0 0 2 1
0 0 1 0 0 0 0 0 0 2 1
0 0 1 0 0 0 0 0 0 2 1
0 0 1 0 0 0 0 0 0 2 1
0 0 1 0 0 0 0 0 0 1 0
0 0 7 0 0 0 0 0 0 39 21
0 0 5 0 0 0 0 0 0 30 16
0 0 6 0 0 0 0 0 0 50 20
0 0 5 0 0 0 0 0 0 31 7
0 0 6 0 0 0 0 0 0 38 20
0 0 5 0 0 0 0 0 0 31 17
0 0 5 0 0 0 0 0 0 43 17
0 0 5 0 0 0 0 0 0 40 16
0 0 6 0 0 0 0 0 0 48 19
2 0 12 0 0 3 0 0 0 88 37
0 0 35 0 0 0 0 0 0 72 29
0 0 3 0 0 0 0 0 0 22 9
0 0 8 0 0 0 0 0 0 45 28
0 0 7 0 0 0 0 0 0 39 9
0 0 7 0 0 0 0 0 0 44 11
0 0 6 0 0 0 0 0 0 36 22
0 0 6 0 0 0 0 0 0 38 9
0 0 7 0 0 0 0 0 0 42 22
0 0 3 0 0 0 0 0 0 6 3
0 0 4 0 0 0 0 0 0 35 14
0 0 5 0 0 0 0 0 0 28 15
0 0 1 0 0 0 0 0 0 4 2
0 0 4 0 0 0 0 0 0 34 13
0 0 11 0 0 0 0 0 0 89 38
0 0 9 0 0 0 0 0 0 54 26
0 0 13 0 0 0 0 0 0 47 11
0 0 3 0 0 0 0 0 0 15 4
0 0 8 0 0 0 0 0 0 47 11
0 0 1 0 0 0 0 0 0 5 1
0 0 10 0 0 0 0 0 0 36 9
0 0 8 0 0 0 0 0 0 47 11
0 0 8 0 0 0 0 0 0 51 12
0 0 8 0 0 0 0 0 0 59 11
0 0 7 0 0 0 0 0 0 44 23
0 0 7 0 0 0 0 0 0 40 10
0 0 8 0 0 0 0 0 0 49 26
0 0 7 0 0 0 0 0 0 44 11
0 0 7 0 0 0 0 0 0 43 10
2 0 8 0 0 0 0 0 0 92 27
0 0 8 0 0 0 0 0 0 60 24
0 0 8 0 0 0 0 0 0 66 25
0 0 8 0 0 0 0 0 0 45 24
0 0 8 0 0 0 0 0 0 62 25
0 0 8 0 0 0 0 0 0 48 26
0 0 8 0 0 0 0 0 0 79 25
0 0 8 0 0 0 0 0 0 45 24
0 0 8 0 11 7 0 0 0 67 26
0 0 7 0 0 0 0 0 0 42 23
0 0 8 0 0 0 0 0 0 45 24
0 0 7 0 0 0 0 0 0 44 23
0 0 8 0 0 0 0 0 0 47 25
0 0 6 0 0 0 0 0 0 38 20
0 0 8 0 9 0 0 0 0 75 27
0 0 8 0 0 0 0 0 0 62 25
0 0 9 0 0 0 0 0 0 87 14
0 0 9 0 0 0 0 0 0 52 12
0 0 8 0 4 0 0 0 0 51 27
0 0 9 0 0 0 0 0 0 52 28
0 0 8 0 0 0 0 0 0 51 12
0 0 7 0 0 0 0 0 0 42 10
0 0 8 0 0 0 0 0 0 45 24
0 0 2 0 0 0 0 0 0 6 2
0 0 4 0 0 0 0 0 0 21 11
0 0 12 0 0 0 0 0 0 24 10
0 0 3 0 0 0 0 0 0 16 9
0 0 10 0 0 0 0 0 0 21 9
0 0 8 0 0 0 0 0 0 81 25
0 0 8 0 0 0 0 0 0 48 26
0 0 8 0 20 0 0 0 0 71 26
0 0 8 0 16 0 0 0 0 74 26
0 0 7 0 11 0 0 0 0 41 22
0 0 7 0 9 0 0 0 0 56 23
0 0 8 0 0 0 0 0 0 62 25
0 0 8 0 0 0 0 0 0 79 24
0 0 7 0 0 0 0 0 0 42 22
0 0 8 0 0 0 0 0 0 72 27
0 0 8 0 0 0 0 0 0 45 11
0 0 8 0 0 0 0 0 0 48 12
0 0 7 0 0 0 0 0 0 44 11
0 0 8 0 0 0 0 0 0 63 11
0 0 8 0 0 0 0 0 0 47 11
0 0 8 0 0 0 0 0 0 46 11
0 0 17 0 0 0 0 0 0 46 3
0 0 13 0 0 0 0 0 0 26 2
0 0 26 0 0 0 0 0 0 52 21
0 0 29 0 0 0 0 0 0 74 24
0 0 1 0 0 0 0 0 0 3 1
0 0 1 0 0 0 0 0 0 2 1
0 0 1 0 0 0 0 0 0 3 1
0 0 8 0 6 0 0 0 0 79 24
0 0 2 0 0 0 0 0 0 6 2
0 0 6 0 0 0 0 0 0 45 18
0 0 7 0 0 0 0 0 0 52 21
0 0 9 0 9 0 0 0 0 100 30
0 0 9 0 0 0 0 0 0 93 28
0 0 8 0 0 0 0 0 0 67 27
0 0 2 0 0 0 0 0 0 15 6
0 0 9 0 0 0 0 0 0 69 28
0 0 9 0 0 0 0 0 0 90 28
0 0 2 0 0 0 0 0 0 9 2
0 0 8 0 0 0 0 0 0 67 27
0 0 8 0 0 0 0 0 0 67 27
3 0 7 0 0 0 0 0 0 54 22
1 0 6 0 0 0 0 0 0 36 19
0 0 6 0 0 0 0 0 0 36 19
1 0 6 0 0 0 0 0 0 38 20
1 0 23 0 0 0 0 0 0 48 19
0 0 10 0 0 0 0 0 0 87 15
0 0 11 0 0 0 0 0 0 94 34
0 0 8 0 0 0 0 0 0 67 27
0 0 9 0 0 0 0 0 0 57 14
0 0 9 0 0 0 0 0 0 52 28
0 0 8 0 0 0 0 0 0 67 27
0 0 9 0 0 0 0 0 0 55 30
0 0 9 0 0 0 0 0 0 54 29
0 0 9 0 0 0 0 0 0 55 13
0 0 9 0 0 0 0 0 0 52 28
0 0 1 0 0 0 0 0 0 4 2
0 0 1 0 0 0 0 0 0 3 1
0 0 1 0 0 0 0 0 0 3 1
0 0 1 0 0 0 0 0 0 2 1
0 0 1 0 0 0 0 0 0 2 1
0 0 1 0 0 0 0 0 0 2 1
0 0 1 0 0 0 0 0 0 4 1
0 0 1 0 0 0 0 0 0 5 2
0 0 2 0 0 0 0 0 0 4 1
0 0 1 0 0 0 0 0 0 2 1
0 0 2 0 0 0 0 0 0 4 1
0 0 1 0 0 0 0 0 0 3 2
0 0 1 0 0 0 0 0 0 2 1
0 0 2 0 0 0 0 0 0 14 7
0 0 8 0 0 0 0 0 0 51 12
0 0 7 0 0 0 0 0 0 44 11
0 0 7 0 0 0 0 0 0 40 10
0 0 7 0 0 0 0 0 0 63 10
0 0 6 0 0 0 0 0 0 36 19
0 0 6 0 0 0 0 0 0 36 19
0 0 6 0 0 0 0 0 0 38 9
0 0 7 0 0 0 0 0 0 39 9
0 0 6 0 0 0 0 0 0 38 9
0 0 6 0 0 0 0 0 0 35 8
0 0 6 0 0 0 0 0 0 33 21
0 0 8 0 0 0 0 0 0 67 27
0 0 26 0 0 0 0 0 0 52 21
0 0 8 0 0 0 0 0 0 64 26
0 0 8 0 0 0 0 0 0 62 25
0 0 8 0 0 0 0 0 0 51 27
0 0 9 0 0 0 0 0 0 71 28
0 0 8 0 0 0 0 0 0 67 27
0 0 5 0 0 0 0 0 0 49 15
0 0 15 0 0 0 0 0 0 32 13
0 0 15 0 0 0 0 0 0 32 13
0 0 13 0 0 0 0 0 0 26 10
0 0 13 0 0 0 0 0 0 26 10
0 0 5 0 0 0 0 0 0 58 17
0 0 3 0 0 0 0 0 0 28 11
0 0 3 0 0 0 0 0 0 28 11
0 0 3 0 0 0 0 0 0 26 10
0 0 3 0 0 0 0 0 0 28 11
0 0 3 0 0 0 0 0 0 26 10
0 0 3 0 0 0 0 0 0 24 9
0 0 3 0 0 0 0 0 0 26 10
0 0 4 0 0 0 0 0 0 32 13
0 0 4 0 0 0 0 0 0 47 13
0 0 3 0 0 0 0 0 0 26 10
0 0 4 0 0 0 0 0 0 33 13
0 0 4 0 0 0 0 0 0 32 13
0 0 2 0 0 0 0 0 0 17 7
0 0 6 0 0 0 0 0 0 45 18
0 0 5 0 0 0 0 0 0 39 16
0 0 5 0 0 0 0 0 0 36 14
0 0 4 0 0 0 0 0 0 32 13
2 0 17 0 0 0 0 0 0 34 14
3 0 17 0 0 0 0 0 0 34 14
0 0 11 0 0 0 0 0 0 23 9
0 2 6 0 0 0 0 0 0 62 19
0 0 4 0 0 0 0 0 0 32 13
0 0 4 0 0 0 0 0 0 29 12
0 0 4 0 0 0 0 0 0 31 12
0 0 8 0 0 0 0 0 0 75 24
0 0 5 0 0 0 0 0 0 41 16
0 0 5 0 0 0 0 0 0 39 16
0 0 5 0 0 0 0 0 0 41 16
0 0 5 0 0 0 8 0 0 43 17
0 0 1 0 0 0 0 0 0 2 1
0 0 6 0 0 0 0 0 0 59 19
0 0 4 0 0 0 0 0 0 30 34
0 0 5 0 0 0 0 0 0 39 16
0 0 4 0 0 0 0 0 0 28 11
0 0 6 0 0 0 0 0 0 44 18
7 0 6 0 0 0 0 0 0 47 19
2 0 5 0 0 0 0 0 0 39 16
0 0 5 0 0 0 0 0 0 32 30
0 0 4 0 0 0 0 0 0 28 11
0 0 5 0 0 0 0 0 0 50 16
0 0 4 0 0 0 0 0 0 30 12
0 0 5 0 0 0 12 0 0 38 33
0 0 4 0 0 0 0 0 0 30 12
0 0 5 0 0 0 0 0 0 47 14
0 0 5 0 0 0 0 0 0 38 15
0 0 16 0 0 0 0 0 0 32 13
0 1 17 0 0 0 4 0 0 34 14
0 0 15 0 0 0 0 0 0 31 12
0 0 4 0 0 0 0 0 0 34 14
0 0 5 0 0 0 17 0 0 38 15
0 0 6 0 0 0 0 0 0 62 19
0 0 5 0 0 0 0 0 0 41 38
0 0 5 0 0 0 0 0 0 39 16
0 0 3 0 0 0 0 0 0 20 5
0 0 2 0 0 0 0 0 0 11 3
0 0 2 0 0 0 0 0 0 15 23
0 0 1 0 0 0 0 0 0 10 4
0 0 2 0 0 0 0 0 0 13 5
0 0 1 0 0 0 0 0 0 11 5
0 0 1 0 0 0 0 0 0 10 4
0 0 2 0 0 0 0 0 0 14 19
0 0 1 0 0 0 0 0 0 9 4
0 0 1 0 0 0 0 0 0 10 4
0 0 1 0 0 0 0 0 0 9 4
0 0 1 0 0 0 0 0 0 7 3
0 0 2 0 0 0 0 0 0 12 24
0 0 2 0 0 0 0 0 0 15 23
0 0 1 0 0 0 0 0 0 10 4
0 0 1 0 0 0 0 0 0 7 4
0 0 1 0 0 0 0 0 0 8 15
0 0 1 0 0 0 0 0 0 1 1
0 0 0 0 0 0 0 0 0 1 0
0 0 1 0 0 0 0 0 0 6 2
0 0 1 0 0 0 0 0 0 6 3
0 0 1 0 0 0 0 0 0 5 3
0 0 4 0 0 0 0 0 0 29 42
0 0 3 0 0 0 0 0 0 21 26
0 0 3 0 0 0 0 0 0 23 9
0 0 3 0 0 0 0 0 0 22 9
0 0 3 0 0 0 0 0 0 25 32
0 0 3 0 0 0 0 0 0 21 8
0 0 2 0 0 0 0 0 0 19 8
0 0 4 0 0 0 0 0 0 14 3
0 0 3 0 0 3 0 0 0 25 28
0 0 3 0 0 10 0 0 0 21 8
0 0 3 0 0 0 0 0 0 11 3
0 0 1 0 0 0 0 0 0 1 1
0 0 1 0 0 0 0 0 0 2 1
0 0 1 0 0 0 0 0 0 2 1
0 0 1 0 0 0 0 0 0 1 1
0 0 1 0 0 0 0 0 0 1 1
0 0 1 0 0 0 0 0 0 1 0
0 0 0 0 0 0 0 0 0 1 0
0 0 1 0 0 0 0 0 0 1 1
0 0 0 0 0 0 0 0 0 1 1
0 0 1 0 0 0 0 0 0 1 1
0 0 0 0 0 0 0 0 0 1 0
0 0 0 0 0 0 0 0 0 1 0
0 0 5 0 0 0 0 0 0 10 1
0 0 1 0 0 0 0 0 0 1 1
0 0 3 0 0 0 0 0 0 25 32
0 0 2 0 0 0 0 0 0 16 6
0 0 2 0 0 0 0 0 0 16 20
0 0 3 0 0 0 0 0 0 21 8
0 0 1 0 0 0 0 0 0 12 5
0 0 2 0 0 0 0 0 0 18 7
0 0 1 0 0 0 0 0 0 10 4
0 0 1 0 0 0 0 0 0 6 2
0 0 1 0 0 0 0 0 0 4 2
0 0 1 0 0 0 0 0 0 4 2
0 0 1 0 0 0 0 0 0 7 4
0 0 1 0 0 0 0 0 0 4 2
0 0 1 0 0 0 0 0 0 3 2
0 0 0 0 0 0 0 0 0 1 1
0 0 0 0 0 0 0 0 0 1 0
0 0 0 0 0 0 0 0 0 1 0
0 0 0 0 0 0 0 0 0 1 1
0 0 0 0 0 0 0 0 0 1 1
0 0 0 0 0 0 0 0 0 1 0
0 0 0 0 0 0 0 0 0 1 0
0 0 5 0 7 0 0 0 0 28 20
0 0 3 0 11 0 0 0 0 16 4
0 0 4 0 24 0 0 0 0 38 13
0 0 4 0 22 0 0 0 0 25 13
0 0 4 0 18 0 0 0 0 23 6
0 0 4 0 9 0 0 0 0 33 5
0 0 4 0 0 0 0 0 0 25 23
0 0 1 0 0 0 0 0 0 1 1
0 0 0 0 0 0 0 0 0 1 1
0 0 0 0 0 0 0 0 0 1 1
0 0 1 0 0 0 0 0 0 9 2
0 0 1 0 0 0 0 0 0 5 3
0 0 1 0 0 0 0 0 0 3 1
0 0 1 0 0 0 0 0 0 3 1
0 0 0 0 0 0 0 0 0 1 1
0 0 0 0 0 0 0 0 0 1 1
0 0 0 0 0 0 0 0 0 1 1
0 0 4 0 7 0 0 0 0 38 6
0 0 3 0 6 0 0 0 0 31 5
0 0 4 0 7 0 0 0 0 37 6
0 0 3 0 6 0 0 0 0 32 4
0 0 2 0 0 0 0 0 0 13 3
0 0 3 0 0 0 0 0 0 16 4
0 0 2 0 0 0 0 0 0 13 3
0 0 3 0 0 0 0 0 0 16 4
0 0 1 0 0 0 0 0 0 4 1
0 0 1 0 0 0 0 0 0 4 1
0 0 1 0 0 0 0 0 0 4 1
0 0 0 0 0 0 0 0 0 1 0
0 0 0 0 0 0 0 0 0 1 0
0 0 1 0 0 0 0 0 0 1 1
0 0 1 0 0 0 0 0 0 1 1
0 0 1 0 0 0 0 0 0 1 1
0 0 1 0 0 0 0 0 0 1 1
0 0 1 0 0 0 0 0 0 1 1
0 0 1 0 0 0 0 0 0 1 1
0 0 1 0 0 0 0 0 0 1 1
0 0 0 0 0 0 0 0 0 1 1
0 0 3 0 0 0 0 0 0 10 2
0 0 2 0 0 0 0 0 0 8 2
0 0 2 0 0 0 0 0 0 6 2
0 0 2 0 0 0 0 0 0 8 2
0 0 3 0 0 0 0 0 0 9 2
0 0 3 0 0 0 0 0 0 7 2
0 0 2 0 0 0 0 0 0 7 2
0 0 2 0 0 0 0 0 0 7 2
0 0 2 0 0 0 0 0 0 5 2
0 0 2 0 0 0 0 0 0 7 2
0 0 2 0 0 0 0 0 0 5 1
0 0 4 0 0 0 0 0 0 11 3
0 0 3 0 0 0 0 0 0 11 3
0 0 3 0 0 0 0 0 0 9 2
0 0 3 0 0 0 0 0 0 8 2
0 0 3 0 0 0 0 0 0 8 3
0 0 4 0 0 0 0 0 0 9 3
0 0 4 0 0 0 0 0 0 9 3
0 0 1 0 0 0 0 0 0 2 1
0 0 3 0 0 0 0 0 0 11 3
0 0 1 0 0 0 0 0 0 2 1
0 0 3 0 0 0 0 0 0 11 3
0 0 2 0 0 0 0 0 0 8 2
0 0 1 0 0 0 0 0 0 1 1
0 0 1 0 0 0 0 0 0 1 1
0 0 3 0 0 0 0 0 0 11 3
0 0 2 0 0 0 0 0 0 6 2
0 0 3 0 0 0 0 0 0 10 2
0 0 3 0 0 0 0 0 0 11 3
0 0 1 0 0 0 0 0 0 1 1
0 0 1 0 0 0 0 0 0 1 1
0 0 1 0 0 0 0 0 0 1 0
0 0 3 0 0 0 0 0 0 12 3
0 0 1 0 0 0 0 0 0 1 1
0 0 1 0 0 0 0 0 0 1 1
0 0 3 0 0 0 0 0 0 8 3
0 0 2 0 0 0 0 0 0 6 2
0 0 3 0 0 0 0 0 0 8 3
0 0 3 0 0 0 0 0 0 12 3
0 0 3 0 0 0 0 0 0 8 3
0 0 3 0 0 0 0 0 0 9 3
0 0 3 0 0 0 0 0 0 11 3
0 0 1 0 0 0 0 0 0 1 1
0 0 1 0 0 0 0 0 0 1 1
0 0 3 0 3 0 0 0 0 13 3
0 0 3 0 4 0 0 0 0 12 3
0 0 3 0 0 0 0 0 0 10 2
0 0 3 0 0 0 0 0 0 10 2
0 0 2 0 0 0 0 0 0 6 2
0 0 2 0 0 0 0 0 0 6 2
0 0 2 0 0 0 0 0 0 6 1
0 0 1 0 0 0 0 0 0 3 1
0 0 2 0 0 0 0 0 0 8 2
0 0 1 0 0 0 0 0 0 5 1
0 0 2 0 0 0 0 0 0 7 2
0 0 3 0 0 0 0 0 0 11 3
0 0 2 0 0 0 0 0 0 6 2
0 0 2 0 0 0 0 0 0 6 2
0 0 3 0 0 0 0 0 0 8 3
0 0 2 0 0 0 0 0 0 8 2
0 0 2 0 0 0 0 0 0 6 3
1 0 2 0 0 3 4 0 0 6 2
0 0 2 0 0 0 0 0 0 8 2
0 0 2 0 0 0 0 0 0 5 2
0 0 2 0 0 0 0 0 0 4 2
0 0 2 0 0 0 0 0 0 8 2
0 0 2 0 0 0 0 0 0 6 2
0 0 2 0 0 0 0 0 0 7 2
0 0 2 0 0 0 0 0 0 4 1
0 0 3 0 0 0 0 0 0 8 3
0 0 3 0 0 0 0 0 0 7 3
0 0 2 0 0 0 0 0 0 6 2
0 0 3 0 0 0 0 0 0 8 3
0 0 3 0 0 0 0 0 0 7 3
0 0 3 0 0 0 0 0 0 7 2
0 0 2 0 0 0 0 0 0 5 2
0 0 3 0 0 0 0 0 0 9 3
0 0 3 0 0 0 0 0 0 8 3
0 0 3 0 0 0 0 0 0 7 3
0 0 3 0 0 0 0 0 0 7 3
0 0 2 0 0 0 0 0 0 6 2
0 0 3 0 0 0 0 0 0 7 3
0 0 3 0 0 0 0 0 0 9 3
0 0 3 0 0 0 0 0 0 7 3
0 0 2 0 0 0 0 0 0 5 2
0 0 2 0 0 0 0 0 0 7 3
0 0 2 0 0 0 0 0 0 6 2
0 0 2 0 0 0 0 0 0 5 2
0 0 4 0 0 0 0 0 0 8 3
0 0 2 0 0 0 0 0 0 4 2
0 0 3 0 0 0 0 0 0 7 3
0 0 2 0 0 0 0 0 0 8 2
0 0 2 0 0 0 0 0 0 5 2
0 0 2 0 0 0 0 0 0 7 2
0 0 2 0 0 0 0 0 0 6 2
0 0 2 0 0 0 0 0 0 5 2
0 0 4 0 0 0 0 0 0 10 3
0 0 4 0 0 0 0 0 0 11 3
0 0 4 0 0 0 0 0 0 13 3
0 0 5 0 0 0 0 0 0 12 4
0 0 4 0 0 0 0 0 0 11 5
0 0 5 0 0 0 0 0 0 18 4
0 0 4 0 0 0 0 0 0 11 4
0 0 4 0 0 0 0 0 0 11 4
0 0 2 2 0 0 0 0 0 5 2
0 0 1 0 0 0 0 0 0 4 1
0 0 1 0 0 0 0 0 0 4 1
0 0 1 0 0 0 0 0 0 4 2
0 0 1 0 0 0 0 0 0 3 1
0 0 7 0 0 0 0 0 0 9 2
0 0 3 5 0 0 0 0 0 7 3
0 0 3 5 0 0 0 0 0 8 3
0 0 3 0 0 0 0 0 0 9 3
0 0 3 0 0 0 0 0 0 8 3
0 0 3 0 0 0 0 0 0 7 3
0 0 3 0 0 0 0 0 0 7 3
0 0 3 0 0 0 0 0 0 7 3
0 0 3 0 0 0 0 0 0 11 3
0 0 6 0 0 0 0 0 0 15 5
0 0 5 0 0 0 0 0 0 12 4
0 0 4 0 0 0 0 0 0 11 3
0 0 5 0 0 0 0 0 0 16 4
0 0 5 0 0 0 0 0 0 14 5
0 0 5 0 0 0 0 0 0 12 4
0 0 3 0 0 0 0 0 0 9 4
0 0 3 0 0 0 0 0 0 10 2
0 0 8 0 0 0 0 0 0 7 3
0 0 3 0 0 0 0 0 0 9 4
0 0 2 0 0 0 0 0 0 6 3
0 0 2 0 0 0 0 0 0 9 2
0 0 3 0 0 0 0 0 0 7 3
0 0 4 0 0 0 0 0 0 10 4
0 0 3 0 0 0 0 0 0 9 4
0 0 2 0 0 0 0 0 0 6 2
0 0 4 0 0 0 0 0 0 10 4
0 0 4 0 0 0 0 0 0 11 4
0 0 3 0 0 0 0 0 0 9 4
0 0 3 0 0 0 0 0 0 12 3
0 0 3 0 0 0 0 0 0 8 3
0 0 3 0 0 0 0 0 0 8 3
0 0 5 0 0 0 0 0 0 13 5
0 0 6 0 0 0 0 0 0 20 5
0 0 6 0 0 0 0 0 0 15 6
0 0 5 0 0 0 0 0 0 14 5
0 0 5 0 0 0 0 0 0 14 5
0 0 5 0 0 0 0 0 0 13 5
0 0 5 0 0 0 0 0 0 17 4
0 0 4 0 0 0 0 0 0 16 4
0 0 4 0 0 0 0 0 0 16 4
0 0 4 0 0 0 0 0 0 10 4
0 0 5 0 0 0 0 0 0 14 5
0 0 5 0 0 0 0 0 0 17 4
0 0 5 0 0 0 0 0 0 13 5
0 0 4 0 0 0 0 0 0 12 5
0 0 2 0 0 0 0 0 0 6 2
0 0 4 0 0 0 0 0 0 10 4
0 0 6 0 4 0 0 0 0 15 5
0 0 5 0 2 0 0 0 0 13 5
0 0 4 0 0 0 0 0 0 12 5
0 0 5 0 0 0 0 0 0 14 4
0 0 5 0 0 0 0 0 0 13 5
0 0 5 0 0 0 0 0 0 13 4
0 0 7 0 7 0 0 0 0 26 6
0 0 5 0 0 0 0 0 0 13 4
0 0 6 0 0 0 0 0 0 15 5
0 0 6 0 4 0 0 0 0 15 5
0 0 5 0 0 0 0 0 0 17 4
0 0 3 0 0 0 0 0 0 7 3
0 0 4 0 0 0 0 0 0 10 3
0 0 3 0 0 0 0 0 0 9 3
0 0 2 0 0 0 0 0 0 6 2
0 0 2 0 0 0 0 0 0 4 2
0 0 2 0 0 0 0 0 0 5 2
0 0 9 8 0 0 0 0 0 9 4
0 0 3 0 0 0 0 0 0 7 3
0 0 10 8 0 0 0 0 0 13 1
0 0 4 0 0 0 0 0 0 10 4
0 0 4 0 0 0 0 0 0 9 4
0 0 8 0 0 0 0 0 0 17 1
0 0 7 5 0 0 0 0 0 15 1
0 0 7 0 0 0 0 0 0 15 1
0 0 4 0 0 0 0 0 0 9 3
0 0 3 0 0 0 0 0 0 8 3
0 0 6 0 0 0 0 0 0 12 1
0 0 3 0 0 0 0 0 0 7 3
0 0 3 0 0 0 0 0 0 8 3
0 0 3 0 0 0 0 0 0 7 3
0 0 3 0 0 0 0 0 0 7 3
0 0 2 0 0 0 0 0 0 6 2
0 0 2 5 0 0 0 0 0 6 3
0 0 2 0 0 0 0 0 0 6 3
0 0 2 0 0 0 0 0 0 6 2
0 0 2 0 0 0 0 0 0 6 2
0 0 2 0 0 0 0 0 0 6 2
0 0 2 0 0 0 0 0 0 6 2
0 0 3 0 0 0 0 0 0 9 2
0 0 1 0 0 0 0 0 0 5 1
0 0 3 0 0 0 0 0 0 7 3
0 0 2 0 0 0 0 0 0 5 2
0 0 6 0 0 0 0 0 0 17 7
0 0 5 0 0 0 0 0 0 13 5
0 0 7 0 0 0 0 0 0 18 7
0 0 6 0 0 0 0 0 0 15 6
0 0 6 0 0 0 0 0 0 17 7
0 0 5 0 0 0 5 0 0 14 6
0 0 5 0 0 0 0 0 0 14 5
0 0 5 0 0 0 0 0 0 14 6
0 0 6 10 0 0 0 0 0 15 6
0 0 6 8 0 0 0 0 0 15 6
0 0 11 15 0 0 0 0 0 15 6
0 0 5 8 0 0 0 0 0 14 6
0 0 6 0 0 0 0 0 0 15 6
0 0 6 0 0 0 0 0 0 15 6
0 0 12 20 0 0 0 0 0 18 7
0 0 5 10 0 0 0 0 0 14 6
0 0 5 0 0 0 0 0 0 14 6
0 0 3 0 0 0 0 0 0 8 3
0 0 3 0 0 0 0 0 0 7 3
0 0 3 0 0 0 0 0 0 9 3
0 0 3 0 0 0 0 0 0 9 3
0 0 3 0 0 0 0 0 0 12 3
0 0 3 0 0 0 0 0 0 9 2
0 0 4 0 0 0 0 0 0 14 3
0 0 4 0 0 0 0 0 0 13 3
0 0 2 0 0 0 0 0 0 8 2
0 0 3 0 0 0 0 0 0 10 2
0 0 4 0 0 0 0 0 0 10 3
0 0 3 0 0 0 0 0 0 9 3
0 0 3 0 0 0 0 0 0 9 3
0 0 3 0 0 0 0 0 0 9 2
0 0 2 0 0 0 0 0 0 8 2
0 0 2 0 1 0 0 0 0 7 2
0 0 2 0 0 0 0 0 0 8 2
0 0 2 0 0 0 2 0 0 7 2
0 0 2 0 0 0 0 0 0 7 2
0 0 2 0 0 0 0 0 0 8 2
0 0 5 0 0 0 0 0 0 13 5
0 0 5 0 0 0 0 0 0 13 5
0 0 5 0 0 0 0 0 0 12 5
0 0 5 0 0 0 0 0 0 12 5
0 0 5 0 0 0 0 0 0 14 6
0 0 5 0 0 0 0 0 0 13 5
0 0 2 0 0 0 0 0 0 7 3
0 0 2 0 0 0 0 0 0 9 2
0 0 5 0 0 0 0 0 0 12 5
0 0 5 0 0 0 0 0 0 14 6
0 0 4 0 0 0 0 0 0 11 4
0 0 2 0 0 0 0 0 0 7 3
0 0 2 0 0 0 0 0 0 7 3
0 0 3 0 0 0 0 0 0 8 3
0 0 4 0 0 0 0 0 0 10 4
0 0 9 0 0 0 0 0 0 24 10
0 0 21 0 0 0 0 0 0 42 3
0 0 5 0 0 0 0 0 0 12 4
0 0 4 0 0 0 0 0 0 12 5
0 0 4 0 0 0 0 0 0 10 3
0 0 4 0 0 0 0 0 0 10 3
0 0 4 0 0 0 0 0 0 10 3
0 0 4 0 0 0 0 0 0 10 3
0 0 4 0 0 0 0 0 0 12 4
0 0 5 0 0 0 0 0 0 14 6
0 0 6 0 0 0 0 0 0 15 6
0 0 4 0 0 0 0 0 0 12 5
0 0 10 0 0 0 0 0 0 19 2
0 0 4 0 0 0 0 0 0 11 4
0 0 3 0 0 0 0 0 0 9 3
0 0 2 0 0 0 0 0 0 10 2
0 0 1 0 0 0 0 0 0 8 2
0 0 2 0 0 0 0 0 0 9 2
0 0 1 0 0 0 0 0 0 8 2
0 0 2 0 0 0 0 0 0 8 2
0 0 2 0 0 0 0 0 0 9 2
0 0 2 0 0 0 0 0 0 7 2
0 0 2 0 0 0 0 0 0 7 2
0 0 1 0 0 0 0 0 0 8 2
0 0 2 0 0 0 0 0 0 8 2
0 0 3 0 0 0 0 0 0 10 2
0 0 3 0 0 0 0 0 0 7 2
0 0 2 0 0 0 0 0 0 6 2
0 0 1 0 0 0 0 0 0 9 4
0 0 2 0 0 0 0 0 0 8 2
0 0 3 0 0 0 0 0 0 7 2
0 0 2 0 0 0 0 0 0 8 2
0 0 4 0 0 0 0 0 0 14 3
0 0 4 0 0 0 0 0 0 14 3
0 0 2 0 0 0 0 0 0 9 2
0 0 1 0 0 0 0 0 0 8 2
0 0 2 0 0 0 0 0 0 8 2
0 0 1 0 0 0 0 0 0 9 2
0 0 2 0 0 0 0 0 0 6 2
0 0 1 0 0 0 0 0 0 7 2
0 0 1 0 0 0 0 0 0 5 1
0 0 1 0 0 0 0 0 0 4 1
0 0 1 0 0 0 0 0 0 3 1
0 0 1 0 0 0 0 0 0 3 1
0 0 1 0 0 0 0 0 0 5 1
0 0 1 0 0 0 0 0 0 4 1
0 0 1 0 0 0 0 0 0 5 1
0 0 1 0 0 0 0 0 0 5 1
0 0 1 0 0 0 0 0 0 5 1
0 0 1 0 0 0 0 0 0 3 1
0 0 1 0 0 0 0 0 0 3 1
0 0 1 0 0 0 0 0 0 3 1
0 0 1 0 0 0 0 0 0 3 2
0 0 2 0 0 0 0 0 0 17 28
0 0 1 0 0 0 0 0 0 5 2
0 0 1 0 0 0 0 0 0 8 22
0 0 1 0 0 0 0 0 0 7 4
0 0 1 0 0 0 0 0 0 10 4
0 0 1 0 0 0 0 0 0 8 3
0 0 1 0 0 0 0 0 0 7 3
0 0 1 0 0 0 0 0 0 8 4
0 0 1 0 0 0 0 0 0 6 1
0 0 2 0 0 0 0 0 0 13 18
0 0 1 0 0 0 0 0 0 8 4
0 0 2 0 0 0 0 0 0 14 5
0 0 1 0 0 0 0 0 0 12 5
0 0 2 0 0 0 0 0 0 14 5
0 0 1 0 0 0 0 0 0 8 4
0 0 1 0 0 0 0 0 0 7 4
0 0 1 0 0 0 0 0 0 6 3
0 0 2 0 0 0 0 0 0 10 5
0 0 2 0 0 0 0 0 0 10 2
1 0 2 0 0 0 0 0 0 12 3
0 0 1 0 0 0 0 0 0 8 2
0 0 1 0 0 0 0 0 0 7 2
3 0 1 0 0 0 0 0 0 8 2
0 0 1 0 0 0 0 0 0 8 2
0 0 2 0 0 0 0 0 0 15 6
2 0 1 0 0 0 0 0 0 9 5
0 0 2 0 0 0 0 0 0 10 5
0 0 1 0 0 0 0 0 0 6 1
0 0 6 0 0 0 0 0 0 20 5
0 0 3 0 0 0 0 0 0 17 4
0 0 2 0 0 0 0 0 0 11 3
0 0 2 0 0 0 0 0 0 12 3
0 0 3 0 0 0 0 0 0 15 4
0 0 3 0 0 0 0 0 0 12 3
0 0 4 0 0 0 0 0 0 14 3
0 0 2 0 0 0 0 0 0 14 3
0 0 2 0 0 0 0 0 0 8 2
0 0 1 0 0 0 0 0 0 3 1
0 0 4 0 0 0 0 0 0 15 4
0 0 3 0 0 0 0 0 0 10 2
0 0 1 0 0 0 0 0 0 3 1
0 0 0 0 0 0 0 0 0 1 1
0 0 1 0 0 0 0 0 0 1 1
0 0 0 0 0 0 0 0 0 1 0
0 0 1 0 0 0 0 0 0 2 1
0 0 0 0 0 0 0 0 0 1 0
0 0 0 0 0 0 0 0 0 0 0
0 0 2 0 0 0 0 0 0 13 18
0 0 1 0 0 0 0 0 0 11 17
0 0 3 0 0 0 0 0 0 15 4
0 0 1 0 0 0 0 0 0 10 4
0 0 1 0 0 0 3 0 0 4 1
0 0 2 0 0 0 0 0 0 4 2
0 0 3 0 0 0 20 0 0 5 2
0 0 1 0 0 0 0 0 0 6 2
0 0 5 0 0 0 8 0 0 10 4
0 0 1 0 0 0 0 0 0 8 3
0 0 1 0 0 0 0 0 0 7 3
0 0 1 0 0 0 5 0 0 6 3
0 0 2 0 0 0 0 0 0 15 6
0 0 1 0 0 0 0 0 0 8 3
0 0 1 0 0 0 0 0 0 7 3
0 0 1 0 0 0 0 0 0 7 3
0 0 1 0 0 0 0 0 0 7 3
0 0 1 0 0 0 0 0 0 9 4
0 0 1 0 0 0 0 0 0 9 3
0 0 2 0 0 0 0 0 0 13 5
0 0 1 0 0 0 0 0 0 11 4
0 0 1 0 9 0 0 0 0 8 3
0 0 1 0 0 0 0 0 0 10 4
0 0 1 0 4 0 0 0 0 10 4
0 0 2 0 0 0 0 0 0 17 7
0 0 2 0 0 0 0 0 0 20 8
0 0 1 0 0 0 0 0 0 9 3
0 0 1 0 0 0 0 0 0 10 4
0 6 2 0 0 0 0 0 0 14 8
0 31 1 0 0 0 0 0 0 11 4
0 4 2 0 0 0 0 0 0 11 3
0 0 1 0 0 0 0 0 0 8 2
0 0 3 0 0 0 0 0 0 17 9
0 0 3 0 0 0 0 0 0 26 10
0 0 2 0 0 0 0 0 0 9 5
0 0 1 0 0 0 0 0 0 5 3
0 0 2 0 0 0 0 0 0 14 8
0 0 2 0 0 0 0 0 0 12 3
0 0 3 0 0 0 0 0 0 25 10
0 0 2 0 0 0 0 0 0 9 5
0 0 3 0 0 0 0 0 0 19 10
0 0 3 0 0 0 0 0 0 15 8
0 0 3 0 0 0 0 0 0 20 5
0 0 2 0 0 0 0 0 0 14 3
0 0 2 0 0 0 0 0 0 12 3
0 0 2 0 0 0 0 0 0 10 2
0 0 2 0 0 0 0 0 0 10 2
0 0 2 0 0 0 0 0 0 9 2
0 0 1 0 0 0 0 0 0 8 2
0 0 2 0 0 0 0 0 0 15 6
0 0 1 0 0 0 0 0 0 5 1
0 0 1 0 0 0 0 0 0 2 1
0 0 3 0 0 0 0 0 0 18 4
0 0 2 0 0 0 0 0 0 14 3
0 0 2 0 0 0 0 0 0 10 46
0 0 1 0 0 0 0 0 0 8 2
0 0 1 0 0 0 0 0 0 5 14
0 0 3 0 0 0 0 0 0 16 4
0 0 2 0 0 0 0 0 0 14 3
0 0 1 0 0 0 0 0 0 8 2
0 0 1 0 0 0 0 0 0 7 32
0 0 1 0 0 0 0 0 0 6 49
0 0 1 0 0 0 0 0 0 4 1
0 0 1 0 0 0 0 0 0 8 2
0 0 1 0 0 0 0 0 0 7 2
1 0 1 0 0 0 0 0 0 7 2
0 0 1 0 0 0 0 0 0 4 14
0 0 3 0 0 0 0 0 0 9 24
0 0 1 0 0 0 0 0 0 5 1
0 0 1 0 0 0 0 0 0 5 56
0 0 2 0 0 0 0 0 0 6 19
0 0 1 0 0 0 0 0 0 5 14
0 0 1 0 0 0 0 0 0 4 1
0 0 1 0 0 0 0 0 0 1 1
0 0 1 0 0 0 0 0 0 3 1
0 0 4 0 0 0 0 0 0 31 38
0 0 3 0 0 0 0 0 0 22 26
0 0 3 0 0 3 0 0 0 21 30
0 0 3 0 0 7 0 0 0 17 39
0 0 4 0 0 0 0 0 0 22 18
0 0 2 0 0 0 0 0 0 13 24
0 0 3 0 0 0 0 0 0 18 27
0 0 2 0 0 0 0 0 0 11 6
0 0 6 0 0 0 0 0 0 21 44
0 0 1 0 0 0 0 0 0 2 1
0 0 1 0 0 0 0 0 0 7 3
0 0 1 0 0 0 0 0 0 2 1
0 0 7 0 0 0 0 0 0 63 23
0 0 5 0 0 0 0 0 0 30 7
0 0 1 0 0 0 0 0 0 4 1
0 0 1 0 0 0 0 0 0 4 1
0 0 1 0 0 0 0 0 0 3 1
0 0 1 0 0 0 0 0 0 2 1
0 0 1 0 0 0 0 0 0 4 1
0 0 3 0 0 0 0 0 0 10 3
0 0 3 0 0 0 0 0 0 9 2
0 0 2 0 0 0 0 0 0 11 3
0 0 1 0 0 0 0 0 0 5 1
0 0 1 0 0 0 0 0 0 4 1
0 0 2 0 0 0 0 0 0 6 1
0 0 1 0 0 0 0 0 0 5 1
0 0 1 0 0 0 0 0 0 2 1
0 0 1 0 0 0 0 0 0 1 1
0 2 4 0 0 0 0 0 0 13 3
0 0 1 0 0 0 0 0 0 3 1
0 0 3 0 0 0 0 1 0 10 2
0 0 2 0 0 0 0 0 0 5 2
0 0 1 0 0 0 0 0 0 5 1
0 0 1 0 0 0 0 0 0 4 1
0 0 2 0 0 0 0 0 0 6 1
0 0 1 0 0 0 0 0 0 1 1
0 0 1 0 0 0 0 0 0 3 1
0 0 1 0 0 0 0 0 0 2 1
0 0 3 0 0 0 0 0 0 11 3
0 0 3 0 0 0 0 0 0 9 2
0 0 3 0 0 0 0 0 0 11 3
0 0 3 0 0 0 0 0 0 11 16
0 0 3 0 0 0 0 0 0 10 2
0 0 4 0 0 0 0 0 0 15 25
0 0 2 0 0 0 0 0 0 6 1
0 0 3 0 0 0 0 0 0 9 20
0 0 3 0 0 0 0 0 0 9 24
0 0 4 0 0 0 0 0 0 13 3
0 0 3 0 0 0 0 0 0 11 3
0 0 2 0 0 0 0 0 0 4 1
0 0 3 0 0 0 0 0 0 8 3
0 0 1 0 0 0 0 0 0 4 1
0 0 1 0 0 0 0 0 0 3 1
0 0 1 0 0 0 0 0 0 5 1
0 0 1 0 0 0 0 0 0 3 1
0 0 3 0 0 0 0 0 0 11 3
0 0 2 0 0 0 0 0 0 7 2
0 0 2 0 0 0 0 0 0 7 2
0 0 2 0 0 0 0 0 0 7 2
0 0 2 0 0 0 0 0 0 7 2
0 0 1 0 0 0 0 0 0 5 1
0 1 2 0 0 0 0 0 0 8 2
0 0 2 0 0 0 0 0 0 6 2
0 0 1 0 0 0 0 0 0 6 2
0 0 2 0 0 0 0 0 0 8 2
0 0 2 0 0 0 0 0 0 6 1
0 0 2 0 0 0 0 0 0 6 1
0 0 1 0 0 0 0 0 0 4 1
0 0 1 0 0 0 0 0 0 4 1
0 0 1 0 0 0 0 0 0 4 1
0 0 3 0 0 0 0 0 0 8 3
0 0 3 0 0 0 0 0 0 8 29
0 0 2 0 0 0 0 0 0 5 1
0 0 2 0 0 0 0 0 0 6 2
0 0 1 0 0 0 0 0 0 4 1
0 0 1 0 0 0 0 0 0 4 1
0 0 1 0 0 0 0 0 0 1 1
0 0 1 25 0 0 0 0 0 3 1
0 0 1 12 0 0 0 0 0 3 1
0 0 1 0 0 0 0 0 0 2 1
0 0 1 10 0 0 0 0 0 2 1
0 0 3 0 0 0 0 0 0 7 3
0 0 2 0 7 0 0 0 2 6 2
0 0 3 0 4 0 0 0 0 7 3
0 0 2 0 0 0 13 0 0 6 2
0 0 1 0 0 0 0 0 0 3 1
0 0 3 0 0 0 0 0 2 9 4
0 0 2 0 0 0 0 0 0 6 2
0 0 2 0 3 0 0 0 5 5 2
0 0 2 0 0 0 4 0 0 6 3
0 0 3 0 0 0 0 0 0 7 3
0 0 1 0 0 0 0 0 0 2 1
0 0 1 0 0 0 0 0 0 2 1
0 0 3 0 0 0 0 0 0 8 3
0 0 3 0 0 0 0 0 0 7 3
0 0 2 0 0 0 0 0 0 6 2
0 0 1 0 0 0 7 0 67 1 1
0 0 4 0 4 0 0 0 0 10 4
0 0 1 0 0 0 0 0 100 1 1
0 0 1 0 0 0 0 0 21 1 1
0 0 1 0 0 0 12 0 15 1 1
0 0 2 0 0 0 0 0 0 6 3
0 0 2 0 0 0 0 0 0 6 2
0 0 2 0 0 0 3 0 0 4 2
0 0 2 0 0 0 0 0 0 5 1
0 0 2 0 0 0 3 0 0 5 2
0 0 1 0 0 0 0 0 0 3 1
0 0 1 0 0 0 0 0 0 4 1
0 0 1 0 0 0 0 0 0 2 1
0 0 1 0 0 0 0 0 0 1 1
0 0 1 0 0 0 0 0 0 1 1
0 0 1 20 0 0 0 0 0 1 1
0 0 1 12 0 0 0 0 0 1 1
0 0 1 0 0 0 4 0 8 1 1
0 0 2 0 0 0 3 0 0 8 2
0 0 3 0 0 0 9 0 0 18 26
0 0 2 0 0 0 0 0 0 10 20
0 0 1 0 0 0 0 0 0 7 2
0 0 2 0 0 0 0 0 0 10 16
0 0 1 0 0 0 0 0 0 8 4
0 0 1 0 0 0 0 0 0 9 5
0 0 1 0 0 0 0 0 0 8 2
0 0 2 0 0 0 0 0 0 11 3
0 0 1 0 0 0 0 0 0 9 4
0 0 2 0 0 0 0 0 0 4 2
0 0 2 0 0 0 0 0 0 4 1
0 0 1 0 0 0 0 0 0 2 1
0 0 1 0 0 0 0 0 0 1 0
0 0 1 0 0 0 0 0 0 2 1
0 0 1 0 0 0 0 0 0 2 1
0 0 2 0 0 0 0 0 0 9 2
0 0 2 0 0 0 0 0 0 6 1
0 0 2 0 0 0 0 0 0 5 1
0 0 2 0 0 0 0 0 0 5 1
0 0 1 0 0 0 0 0 0 4 1
0 0 3 0 0 0 0 0 0 16 4
0 0 2 0 0 0 0 0 0 13 3
0 0 2 0 0 0 0 0 0 12 3
0 0 2 0 0 0 0 0 0 12 3
0 0 6 0 0 0 0 0 0 75 8
0 0 2 0 0 0 0 0 0 35 3
0 0 2 0 0 0 0 0 0 32 2
0 0 2 0 0 0 0 0 0 39 3
0 0 1 0 0 0 0 0 0 23 2
0 0 1 0 0 0 0 0 0 8 2
0 0 2 0 0 0 0 0 0 32 5
0 0 1 0 0 0 0 0 0 7 4
0 0 3 0 0 0 0 0 0 11 3
0 0 2 0 0 0 0 0 0 9 2
0 0 3 0 0 0 0 0 0 9 2
0 0 1 0 0 0 0 0 0 9 2
0 0 2 0 0 0 0 0 0 30 3
0 0 2 0 0 0 0 0 0 10 3
0 0 3 0 0 0 0 0 0 9 2
0 0 3 0 0 0 0 0 0 54 4
0 0 1 0 0 0 0 0 0 7 2
0 0 2 0 0 0 0 0 0 6 1
0 0 1 0 0 0 0 0 0 5 1
0 0 1 0 0 0 0 0 0 5 1
0 0 3 0 0 0 0 0 0 10 2
0 0 1 0 0 0 0 0 0 8 2
0 0 1 0 0 0 0 0 0 1 1
0 0 1 0 0 0 0 0 0 5 1
0 0 2 0 0 0 0 0 0 5 1
0 0 3 0 0 0 0 0 0 15 26
0 0 2 0 0 0 0 0 0 9 2
0 0 1 0 0 0 0 0 0 1 1
0 0 4 0 0 0 0 0 0 14 3
0 0 2 0 0 0 0 0 0 7 2
0 0 2 0 0 0 0 0 0 7 2
0 0 3 0 0 0 0 0 0 42 4
0 0 2 0 0 0 0 0 0 27 3
0 0 2 0 0 0 0 0 0 30 3
0 0 1 0 0 0 0 0 0 8 2
0 0 2 0 0 0 0 0 0 9 2
0 0 1 0 0 0 0 0 0 9 2
0 0 2 0 0 0 0 0 0 8 2
0 0 1 0 0 0 0 0 0 6 1
0 0 2 0 0 0 0 0 0 9 20
0 0 1 0 0 0 0 0 0 1 1
0 0 2 0 0 0 0 0 0 13 29
0 0 1 0 0 0 0 0 0 8 2
0 0 1 0 0 0 0 0 0 5 2
0 0 1 0 0 0 0 0 0 6 2
0 0 0 0 0 0 0 0 0 1 1
0 0 1 0 0 0 0 0 0 4 1
0 0 0 0 0 0 0 0 0 1 1
0 0 1 0 0 0 0 0 0 5 2
0 0 0 0 0 0 0 0 0 1 1
0 0 0 0 0 0 0 0 0 1 1
0 0 1 0 0 0 0 0 0 1 1
0 0 1 0 0 0 0 0 0 3 1
0 0 1 0 0 0 0 0 0 2 1
0 0 10 100 0 0 0 0 0 6 3
0 0 1 0 0 0 0 0 0 3 1
0 0 1 40 0 0 0 0 0 3 1
0 0 1 25 0 0 0 0 0 3 1
0 0 1 0 0 0 0 0 0 1 1
0 0 1 20 0 0 0 0 0 2 1
0 0 1 12 0 0 0 0 0 3 1
0 0 1 0 0 0 0 0 0 5 1
0 0 11 30 0 0 0 0 0 8 3
0 0 2 20 0 0 0 0 0 5 2
0 0 2 0 0 0 0 0 0 4 2
0 0 2 10 0 0 0 0 0 4 2
0 0 1 0 0 0 0 0 0 2 1
0 0 1 0 0 0 0 0 0 2 1
0 0 1 0 0 0 0 0 0 3 1
0 0 1 0 0 0 0 0 0 3 1
0 0 2 0 0 0 0 0 0 5 2
0 0 1 0 0 0 0 0 0 3 1
0 0 1 0 0 0 0 0 0 4 1
0 0 2 0 0 0 0 0 0 6 2
0 0 2 0 0 0 0 0 0 5 2
0 0 2 0 0 0 0 0 0 5 2
0 0 3 0 0 0 0 0 0 8 3
0 0 3 0 0 0 0 0 0 7 3
0 0 3 0 0 0 0 0 0 7 3
0 0 4 0 0 0 0 0 0 9 4
0 0 5 0 0 0 0 0 0 12 5
0 0 4 0 7 0 0 0 0 12 5
0 0 3 0 0 0 0 0 0 8 3
0 0 3 0 4 0 0 0 0 9 4
0 0 5 0 9 0 0 0 0 14 19
0 0 4 0 0 0 0 0 0 11 4
0 0 5 0 0 0 0 0 0 12 5
0 0 3 0 0 0 0 0 0 8 3
0 0 6 0 4 0 0 0 0 15 24
0 0 4 0 0 0 0 0 0 12 5
0 0 4 0 0 0 0 0 0 10 4
0 0 3 0 0 0 0 0 0 9 4
0 0 4 0 0 0 0 0 0 11 4
0 0 5 0 0 0 0 0 0 13 4
0 0 5 0 0 0 0 0 0 13 5
0 0 4 0 0 0 0 0 0 10 4
0 0 4 0 0 0 0 0 0 11 4
0 0 5 0 0 0 0 0 0 13 4
0 0 5 0 0 0 0 0 0 13 4
0 0 7 0 0 0 0 0 0 19 24
0 0 3 0 0 0 0 0 0 9 3
0 0 3 0 0 0 0 0 0 8 3
0 0 12 0 0 0 0 0 0 23 27
0 0 4 0 0 0 0 0 0 14 3
0 0 4 0 0 0 0 0 0 11 21
0 0 3 0 0 0 0 0 0 8 3
0 0 2 0 0 0 0 0 0 9 2
0 0 3 0 0 0 0 0 0 10 3
0 0 3 0 0 0 0 0 0 9 3
0 0 13 0 0 0 0 0 0 10 2
0 0 2 0 0 0 0 0 0 7 2
0 0 10 0 0 0 0 0 0 7 2
0 0 2 0 0 0 0 0 0 6 2
0 0 3 0 0 0 0 0 0 10 2
0 0 2 0 0 0 0 0 0 8 2
0 0 4 0 0 0 0 0 0 15 4
0 0 2 0 0 0 0 0 0 13 3
0 0 3 0 0 0 0 0 0 11 3
0 0 3 0 0 0 0 0 0 10 3
0 0 3 0 0 0 0 0 0 10 3
0 0 3 0 0 0 0 0 0 24 10
5 0 1 0 0 0 0 0 0 11 4
0 0 1 0 0 0 0 0 0 9 4
0 0 1 0 0 0 0 0 0 10 4
0 0 1 0 0 0 0 0 0 8 3
0 0 1 0 0 0 0 0 0 26 4
0 0 1 0 0 0 0 0 0 22 3
0 0 1 0 0 3 5 0 0 7 3
0 0 11 0 0 0 0 0 0 38 22
0 0 4 0 0 0 0 0 0 8 3
1 0 5 0 0 0 0 0 0 10 4
0 0 4 0 0 0 0 0 0 8 3
0 0 1 0 0 0 0 0 0 8 3
0 0 1 0 0 0 0 0 0 21 3
1 0 5 0 0 0 8 0 0 11 17
2 0 2 0 0 0 0 0 0 13 5
0 0 1 0 0 0 7 0 0 5 1
0 0 1 0 0 0 0 0 0 5 1
0 0 1 0 0 0 0 0 0 18 4
0 0 1 0 0 0 0 0 0 6 1
0 0 1 0 0 0 0 0 0 4 1
0 0 1 0 0 0 0 0 0 5 2
0 0 1 0 0 0 0 0 0 4 1
0 0 2 0 0 7 0 0 0 34 23
0 0 1 0 0 0 0 0 0 6 2
0 0 1 0 0 0 0 0 0 6 2
0 0 1 0 0 0 0 0 0 17 2
0 0 0 0 0 0 0 0 0 1 1
0 0 0 0 0 0 0 0 0 1 1
0 0 1 0 0 0 0 0 0 22 17
0 0 1 0 0 0 0 0 0 14 2
0 0 1 0 0 0 0 0 0 14 2
0 0 1 0 0 0 0 0 0 7 3
0 0 0 0 0 0 0 0 0 1 0
0 0 0 0 0 0 0 0 0 1 0
0 0 0 0 0 0 0 0 0 1 1
0 0 0 0 0 0 0 0 0 1 1
0 0 1 0 0 0 0 0 0 3 1
0 0 0 0 0 0 0 0 0 1 0
0 0 0 0 0 0 0 0 0 1 1
0 0 1 0 0 0 0 0 0 1 1
0 0 13 0 0 0 0 0 0 16 20
0 0 4 0 0 0 0 0 0 9 4
0 0 5 0 0 0 0 0 0 10 4
0 0 7 0 0 0 0 0 0 14 6
0 0 6 0 0 0 0 0 0 12 1
0 0 12 0 0 0 0 0 0 8 3
0 0 7 0 0 0 0 0 0 13 5
0 0 9 0 0 0 0 0 0 8 3
0 0 2 0 0 0 0 0 0 4 1
0 0 1 0 0 0 0 0 0 1 1
0 0 1 0 0 0 0 0 0 2 1
0 0 1 0 0 0 0 0 0 2 1
0 0 1 0 0 0 0 0 0 1 1
0 0 1 0 0 0 0 0 0 2 1
0 0 1 0 0 0 0 0 0 1 1
0 0 0 0 0 0 0 0 0 1 0
0 0 0 0 0 0 0 0 0 0 0
0 0 0 0 0 0 0 0 0 0 0
0 0 1 0 0 0 0 0 0 3 1
0 0 2 0 0 0 0 0 0 6 2
0 0 2 0 0 0 0 0 0 5 2
0 0 3 0 0 0 0 0 0 7 3
0 0 3 0 0 0 0 0 0 7 3
0 0 1 0 0 0 0 0 0 2 1
0 0 11 0 0 0 0 0 0 22 2
0 0 3 0 0 0 0 0 0 8 3
0 0 2 0 0 0 0 0 0 6 1
0 0 1 0 0 0 0 0 0 1 1
0 0 2 0 0 0 0 0 0 6 2
0 0 11 0 0 0 0 0 0 40 9
0 0 2 0 0 0 0 0 0 4 2
0 0 1 0 0 0 0 0 0 3 1
0 0 1 0 0 0 0 0 0 1 1
0 0 1 0 0 0 0 0 0 2 1
0 0 1 0 0 0 0 0 0 4 1
0 0 1 0 0 0 0 0 0 2 1
0 0 1 0 0 0 0 0 0 2 1
0 0 0 0 0 0 0 0 0 1 0
0 0 1 0 0 0 0 0 0 1 1
0 0 1 0 0 0 0 0 0 1 1
0 0 1 25 0 0 0 0 0 3 1
0 0 1 0 0 0 0 0 0 2 1
0 0 1 0 0 0 0 0 0 1 1
0 0 0 0 0 0 0 0 0 1 0
0 0 1 0 0 0 0 0 0 2 1
0 0 3 0 0 0 0 0 0 9 2
0 0 16 0 0 0 0 0 0 32 13
0 0 11 0 0 0 0 0 0 23 2
0 0 13 0 0 0 0 0 0 20 2
0 0 1 0 0 0 0 0 0 7 3
0 0 4 0 0 0 0 0 0 35 6
0 0 14 0 0 0 0 0 0 29 2
0 0 13 0 0 0 0 0 0 26 2
0 0 5 0 0 0 0 0 0 29 7
0 0 1 0 0 0 0 0 0 10 4
0 0 3 0 0 0 0 0 0 11 3
0 0 10 0 0 0 0 0 0 28 11
0 0 2 0 0 0 0 0 0 11 3
0 0 8 0 0 0 0 0 0 17 7
0 0 6 0 0 0 0 0 0 13 1
0 0 3 0 0 0 0 0 0 7 3
0 0 4 0 0 0 0 0 0 16 4
0 0 1 0 0 0 0 0 0 6 3
0 0 2 0 0 0 0 0 0 9 2
0 0 2 0 0 0 0 0 0 7 2
0 0 1 0 0 0 0 0 0 3 1
0 0 6 62 0 0 0 0 0 15 6
0 0 1 0 0 0 0 0 0 3 1
0 0 1 0 0 0 0 0 0 6 2
0 0 1 0 0 0 0 0 0 2 1
0 0 1 0 0 0 0 0 0 2 1
0 0 11 0 0 0 0 0 0 3 0
0 0 2 0 0 0 0 0 0 7 2
0 0 6 0 0 0 0 0 0 12 5
0 0 3 0 0 0 0 0 0 6 3
2 0 11 0 0 0 0 0 0 23 2
0 0 0 0 0 0 0 0 0 1 0
0 0 1 0 0 0 0 0 0 3 1
0 0 0 0 0 0 0 0 0 0 0
0 0 2 0 0 0 0 0 0 0 0
0 0 0 0 0 0 0 0 0 0 0
0 0 1 0 0 0 0 0 0 1 0
0 0 0 0 0 0 0 0 0 0 0
0 0 1 0 0 0 0 0 0 0 0
0 0 2 0 0 0 0 0 0 1 0
0 0 3 0 0 0 0 0 0 1 0
0 0 0 0 0 0 0 0 0 0 0
0 0 0 0 0 0 0 0 0 0 0
0 0 3 0 0 0 0 0 0 1 0
0 0 0 0 0 0 0 0 0 0 0
0 0 0 0 0 0 0 0 0 0 0
0 0 1 12 0 0 0 0 0 3 1
0 0 0 0 0 0 0 0 0 1 0
0 0 0 0 0 0 0 0 0 1 0
0 0 0 0 0 0 0 0 0 1 0
0 0 1 0 0 0 0 0 0 3 1
0 0 0 0 0 0 0 0 0 1 0
0 0 1 0 0 0 0 0 0 1 0
0 0 1 0 0 0 0 0 0 2 1
0 0 1 0 0 0 0 0 0 2 0
0 0 1 0 0 0 0 0 0 1 1
0 0 2 0 0 0 0 0 0 5 1
0 0 1 0 0 0 0 0 0 1 0
0 0 3 0 0 0 0 0 0 5 1
0 0 0 0 0 0 0 0 0 0 0
0 0 0 0 0 0 0 0 0 0 0
0 0 0 0 0 0 0 0 0 0 0
0 0 1 0 0 0 0 0 0 0 0
0 0 2 0 0 0 0 0 0 5 1
0 0 3 0 0 0 0 0 0 5 1
0 0 1 0 0 0 0 0 0 1 0
0 0 1 0 0 0 0 0 0 0 0
0 0 1 0 0 0 0 0 0 1 0
0 0 0 0 0 0 0 0 0 0 0
0 0 0 0 0 0 0 0 0 0 0
0 0 2 5 0 0 0 0 0 6 2
0 0 3 0 0 0 0 0 0 1 0
0 0 1 0 0 0 0 0 0 0 0
0 0 1 0 0 0 0 0 0 0 0
0 0 2 0 0 0 0 0 0 1 0
0 0 0 0 0 0 0 0 0 0 0
0 0 2 0 0 0 0 0 0 4 1
0 0 0 0 0 0 0 0 0 0 0
0 0 0 0 0 0 0 0 0 0 0
0 0 1 0 0 0 0 0 0 0 0
0 0 1 0 0 0 0 0 0 1 0
0 0 2 0 0 0 0 0 0 6 1
0 0 1 0 0 0 0 0 0 2 0
0 0 0 0 0 0 0 0 0 0 0
0 0 3 0 0 0 0 0 0 0 0
0 0 3 0 0 0 0 0 0 1 0
0 0 1 0 0 0 0 0 0 0 0
0 0 3 0 0 0 0 0 0 1 0
0 0 3 0 0 0 0 0 0 5 1
0 0 0 0 0 0 0 0 0 0 0
0 0 3 0 0 0 0 0 0 1 0
0 0 3 0 0 0 0 0 0 6 1
0 0 3 0 0 0 0 0 0 5 1
0 0 2 0 0 0 0 0 0 3 1
0 0 3 0 0 0 0 0 0 5 1
0 0 0 0 0 0 0 0 0 0 0
0 0 3 0 0 0 0 0 0 5 1
0 0 0 0 0 0 0 0 0 0 0
0 0 0 0 0 0 0 0 0 0 0
0 0 1 0 0 0 0 0 0 1 0
0 0 0 0 0 0 0 0 0 0 0
0 0 3 0 0 0 0 0 0 0 0
0 0 3 0 0 0 0 0 0 5 1
0 0 0 0 0 0 0 0 0 0 0
0 0 0 0 0 0 0 0 0 0 0
0 0 0 0 0 0 0 0 0 0 0
0 0 0 0 0 0 0 0 0 0 0
0 0 0 0 0 0 0 0 0 0 0
0 0 0 0 0 0 0 0 0 0 0
0 0 1 0 0 0 0 0 0 0 0
0 0 0 0 0 0 0 0 0 0 0
0 0 0 0 0 0 0 0 0 0 0
0 0 2 0 0 0 0 0 0 3 1
0 0 0 0 0 0 0 0 0 0 0
0 0 3 0 0 0 0 0 0 0 0
0 0 3 0 0 0 0 0 0 1 0
0 0 0 0 0 0 0 0 0 0 0
0 0 3 0 0 0 0 0 0 4 1
0 0 3 0 0 0 0 0 0 5 1
0 0 1 0 0 0 0 0 0 1 0
0 0 1 0 0 0 0 0 0 1 0
0 0 1 0 0 0 0 0 0 0 0
0 0 10 0 0 0 0 0 0 6 1
0 0 3 0 0 0 0 0 0 1 0
0 0 1 0 0 0 0 0 0 2 0
0 0 1 0 0 0 0 0 0 2 0
0 0 0 0 0 0 0 0 0 0 0
0 0 1 0 0 0 0 0 0 0 0
0 0 3 0 0 0 0 0 0 0 0
0 0 3 0 0 0 0 0 0 5 1
0 0 0 0 0 0 0 0 0 0 0
0 0 3 0 0 0 0 0 0 0 0
0 0 3 0 0 0 0 0 0 5 0
0 0 0 0 0 0 0 0 0 0 0
0 0 3 0 0 0 0 0 0 4 1
0 0 3 0 0 0 0 0 0 0 0
0 0 3 0 0 0 0 0 0 1 0
0 0 3 0 0 0 0 0 0 1 0
0 0 3 0 0 0 0 0 0 4 1
0 0 3 0 0 0 0 0 0 0 0
0 0 3 0 0 0 0 0 0 5 1
0 0 8 0 0 0 0 0 0 5 1
0 0 3 0 0 0 0 0 0 5 1
0 0 3 0 0 0 0 0 0 5 1
0 0 2 0 0 0 0 0 0 5 1
0 0 2 0 0 0 0 0 0 4 1
0 0 3 0 0 0 0 0 0 1 0
0 0 3 0 0 0 0 0 0 4 1
0 0 1 0 0 0 0 0 0 1 0
0 0 0 0 0 0 0 0 0 0 0
